5
1221
201
2462
1959
117
10
551
355
777
993
496
383
598
186
463
621
0 43 14 -1 -1
43 0 83 -1 3
14 83 0 74 70
-1 -1 74 0 74
-1 3 70 74 0
0 -1 449 -1 481 -1 282 -1 498 -1
-1 0 -1 376 -1 -1 16 -1 196 343
449 -1 0 364 316 -1 -1 -1 199 85
-1 376 364 0 91 -1 48 418 -1 -1
481 -1 316 91 0 258 -1 -1 39 -1
-1 -1 -1 -1 258 0 173 370 121 -1
282 16 -1 48 -1 173 0 -1 22 -1
-1 -1 -1 418 -1 370 -1 0 368 -1
498 196 199 -1 39 121 22 368 0 264
-1 343 85 -1 -1 -1 -1 -1 264 0
