8
490
2097
1374
1010
2123
1701
735
219
16
884
401
394
711
900
367
256
924
439
182
461
743
112
717
433
226
0 85 23 -1 -1 83 24 43
85 0 -1 40 15 20 17 90
23 -1 0 27 67 28 64 35
-1 40 27 0 94 -1 83 80
-1 15 67 94 0 11 37 11
83 20 28 -1 11 0 3 55
24 17 64 83 37 3 0 70
43 90 35 80 11 55 70 0
0 31 -1 -1 386 498 113 -1 -1 365 -1 457 134 243 243 -1
31 0 392 46 434 158 275 484 68 96 390 44 336 422 265 397
-1 392 0 -1 197 377 229 471 -1 499 -1 61 392 -1 464 -1
-1 46 -1 0 358 474 -1 -1 -1 447 93 182 162 260 197 395
386 434 197 358 0 288 210 178 271 465 283 444 237 369 314 242
498 158 377 474 288 0 459 380 46 434 98 412 437 385 203 173
113 275 229 -1 210 459 0 90 494 401 350 33 163 331 31 -1
-1 484 471 -1 178 380 90 0 -1 428 142 94 191 -1 325 16
-1 68 -1 -1 271 46 494 -1 0 -1 268 41 352 -1 401 -1
365 96 499 447 465 434 401 428 -1 0 204 355 348 -1 268 -1
-1 390 -1 93 283 98 350 142 268 204 0 5 95 155 85 454
457 44 61 182 444 412 33 94 41 355 5 0 343 12 441 36
134 336 392 162 237 437 163 191 352 348 95 343 0 320 157 288
243 422 -1 260 369 385 331 -1 -1 -1 155 12 320 0 312 177
243 265 464 197 314 203 31 325 401 268 85 441 157 312 0 240
-1 397 -1 395 242 173 -1 16 -1 -1 454 36 288 177 240 0
