9
1390
2287
1267
1016
2237
2255
515
273
1425
18
456
478
148
29
487
737
5
691
161
535
608
452
815
746
647
278
214
868
0 69 15 -1 -1 -1 65 84 95
69 0 40 24 68 22 -1 90 32
15 40 0 52 -1 -1 44 91 35
-1 24 52 0 69 8 52 32 73
-1 68 -1 69 0 -1 63 56 78
-1 22 -1 8 -1 0 23 3 10
65 -1 44 52 63 23 0 -1 86
84 90 91 32 56 3 -1 0 88
95 32 35 73 78 10 86 88 0
0 -1 20 121 166 190 1 42 118 143 -1 338 256 -1 284 312 80 -1
-1 0 -1 -1 40 139 -1 413 -1 447 -1 343 71 -1 -1 168 244 63
20 -1 0 145 154 68 -1 -1 -1 297 -1 163 176 -1 -1 24 318 399
121 -1 145 0 -1 175 -1 96 -1 17 192 -1 298 104 -1 299 183 373
166 40 154 -1 0 -1 -1 86 143 35 -1 -1 59 -1 -1 368 390 -1
190 139 68 175 -1 0 454 -1 -1 98 479 -1 388 -1 -1 416 420 69
1 -1 -1 -1 -1 454 0 -1 -1 -1 -1 107 470 -1 -1 -1 465 -1
42 413 -1 96 86 -1 -1 0 -1 359 297 129 49 162 411 309 483 252
118 -1 -1 -1 143 -1 -1 -1 0 266 238 -1 282 -1 -1 -1 443 -1
143 447 297 17 35 98 -1 359 266 0 431 461 168 433 -1 369 244 499
-1 -1 -1 192 -1 479 -1 297 238 431 0 -1 -1 123 134 -1 75 -1
338 343 163 -1 -1 -1 107 129 -1 461 -1 0 418 219 -1 486 -1 402
256 71 176 298 59 388 470 49 282 168 -1 418 0 500 -1 -1 256 180
-1 -1 -1 104 -1 -1 -1 162 -1 433 123 219 500 0 -1 471 177 159
284 -1 -1 -1 -1 -1 -1 411 -1 -1 134 -1 -1 -1 0 202 -1 -1
312 168 24 299 368 416 -1 309 -1 369 -1 486 -1 471 202 0 94 478
80 244 318 183 390 420 465 483 443 244 75 -1 256 177 -1 94 0 -1
-1 63 399 373 -1 69 -1 252 -1 499 -1 402 180 159 -1 478 -1 0
