7
247
1624
2575
233
1763
2039
1756
14
654
139
118
998
194
392
411
19
723
412
380
137
781
995
0 45 -1 23 19 71 89
45 0 46 93 85 -1 58
-1 46 0 93 70 6 53
23 93 93 0 45 86 28
19 85 70 45 0 20 32
71 -1 6 86 20 0 -1
89 58 53 28 32 -1 0
0 343 208 288 46 311 418 63 177 88 249 137 85 492
343 0 5 271 434 -1 -1 -1 -1 -1 238 236 352 444
208 5 0 227 488 -1 -1 -1 499 78 362 189 237 -1
288 271 227 0 158 319 36 88 17 -1 132 10 261 -1
46 434 488 158 0 124 170 -1 92 356 165 403 418 423
311 -1 -1 319 124 0 -1 68 -1 35 165 -1 -1 312
418 -1 -1 36 170 -1 0 -1 -1 -1 223 496 293 174
63 -1 -1 88 -1 68 -1 0 -1 -1 106 307 192 27
177 -1 499 17 92 -1 -1 -1 0 -1 123 454 -1 365
88 -1 78 -1 356 35 -1 -1 -1 0 75 -1 237 -1
249 238 362 132 165 165 223 106 123 75 0 499 468 127
137 236 189 10 403 -1 496 307 454 -1 499 0 286 261
85 352 237 261 418 -1 293 192 -1 237 468 286 0 261
492 444 -1 -1 423 312 174 27 365 -1 127 261 261 0
