5
2498
1377
312
2980
2426
10
434
31
110
594
714
872
412
815
593
849
0 61 25 20 85
61 0 51 -1 87
25 51 0 25 -1
20 -1 25 0 24
85 87 -1 24 0
0 127 38 213 -1 -1 -1 257 398 48
127 0 410 184 61 1 105 132 245 280
38 410 0 19 -1 134 -1 87 119 106
213 184 19 0 450 -1 128 89 133 -1
-1 61 -1 450 0 204 454 118 119 -1
-1 1 134 -1 204 0 459 337 333 201
-1 105 -1 128 454 459 0 120 289 -1
257 132 87 89 118 337 120 0 30 425
398 245 119 133 119 333 289 30 0 112
48 280 106 -1 -1 201 -1 425 112 0
