7
2160
1436
593
812
1326
1434
2577
14
558
628
940
792
472
433
71
751
216
926
369
961
687
380
0 29 76 90 8 -1 57
29 0 9 2 79 29 -1
76 9 0 93 3 68 91
90 2 93 0 14 28 22
8 79 3 14 0 -1 -1
-1 29 68 28 -1 0 93
57 -1 91 22 -1 93 0
0 77 19 68 324 -1 -1 -1 -1 278 359 31 400 100
77 0 159 -1 157 309 168 143 235 421 13 328 150 213
19 159 0 31 88 158 219 184 200 499 344 326 119 107
68 -1 31 0 332 113 -1 301 -1 449 378 295 -1 -1
324 157 88 332 0 418 446 187 246 54 328 493 451 122
-1 309 158 113 418 0 468 -1 82 354 183 422 245 26
-1 168 219 -1 446 468 0 31 365 376 -1 340 6 500
-1 143 184 301 187 -1 31 0 270 175 61 167 -1 -1
-1 235 200 -1 246 82 365 270 0 240 317 368 489 320
278 421 499 449 54 354 376 175 240 0 285 452 121 288
359 13 344 378 328 183 -1 61 317 285 0 5 360 418
31 328 326 295 493 422 340 167 368 452 5 0 160 121
400 150 119 -1 451 245 6 -1 489 121 360 160 0 -1
100 213 107 -1 122 26 500 -1 320 288 418 121 -1 0
