7
1123
1572
49
2551
852
198
973
14
31
46
286
907
18
959
353
32
299
498
808
124
796
753
0 56 64 93 34 12 22
56 0 48 18 -1 -1 75
64 48 0 79 45 -1 -1
93 18 79 0 -1 -1 64
34 -1 45 -1 0 21 -1
12 -1 -1 -1 21 0 65
22 75 -1 64 -1 65 0
0 407 306 159 43 247 80 259 420 210 -1 -1 378 56
407 0 319 213 186 473 -1 -1 2 489 316 206 402 117
306 319 0 448 246 50 344 111 193 13 143 -1 -1 255
159 213 448 0 155 483 240 331 333 114 2 186 154 6
43 186 246 155 0 409 75 74 139 416 -1 12 209 144
247 473 50 483 409 0 274 225 402 254 132 366 -1 -1
80 -1 344 240 75 274 0 204 7 -1 -1 -1 368 -1
259 -1 111 331 74 225 204 0 477 293 -1 430 362 479
420 2 193 333 139 402 7 477 0 178 33 469 355 269
210 489 13 114 416 254 -1 293 178 0 -1 415 201 499
-1 316 143 2 -1 132 -1 -1 33 -1 0 -1 -1 -1
-1 206 -1 186 12 366 -1 430 469 415 -1 0 -1 -1
378 402 -1 154 209 -1 368 362 355 201 -1 -1 0 -1
56 117 255 6 144 -1 -1 479 269 499 -1 -1 -1 0
