4
2380
2975
617
2149
8
600
491
396
593
82
630
597
779
0 87 21 82
87 0 84 95
21 84 0 16
82 95 16 0
0 388 -1 -1 166 213 493 275
388 0 -1 -1 401 -1 119 -1
-1 -1 0 228 302 187 -1 460
-1 -1 228 0 165 237 -1 46
166 401 302 165 0 131 456 468
213 -1 187 237 131 0 -1 416
493 119 -1 -1 456 -1 0 441
275 -1 460 46 468 416 441 0
