6
2407
663
2000
2025
2639
1439
12
790
957
599
72
898
227
876
105
630
357
404
473
0 92 78 33 39 63
92 0 19 48 37 36
78 19 0 77 56 72
33 48 77 0 83 6
39 37 56 83 0 68
63 36 72 6 68 0
0 150 387 288 422 -1 485 32 24 -1 410 -1
150 0 20 -1 -1 38 255 -1 326 -1 44 189
387 20 0 148 471 -1 353 452 -1 -1 457 -1
288 -1 148 0 201 181 264 140 480 455 51 195
422 -1 471 201 0 208 438 350 -1 -1 446 182
-1 38 -1 181 208 0 54 62 207 163 211 291
485 255 353 264 438 54 0 48 420 315 141 74
32 -1 452 140 350 62 48 0 382 -1 -1 97
24 326 -1 480 -1 207 420 382 0 449 134 -1
-1 -1 -1 455 -1 163 315 -1 449 0 163 295
410 44 457 51 446 211 141 -1 134 163 0 59
-1 189 -1 195 182 291 74 97 -1 295 59 0
