4
1399
1764
2358
2239
8
137
358
169
339
386
290
942
666
0 36 -1 24
36 0 55 68
-1 55 0 72
24 68 72 0
0 235 289 303 55 169 405 441
235 0 -1 27 -1 181 140 -1
289 -1 0 61 92 423 105 -1
303 27 61 0 -1 121 168 110
55 -1 92 -1 0 27 392 98
169 181 423 121 27 0 340 487
405 140 105 168 392 340 0 243
441 -1 -1 110 98 487 243 0
