8
2354
1912
557
2476
1010
49
2064
580
16
773
13
763
713
390
98
944
533
433
201
871
67
621
963
653
43
0 -1 -1 59 97 98 48 35
-1 0 81 94 26 77 88 83
-1 81 0 85 59 56 33 56
59 94 85 0 98 21 21 94
97 26 59 98 0 74 30 60
98 77 56 21 74 0 42 29
48 88 33 21 30 42 0 11
35 83 56 94 60 29 11 0
0 374 113 -1 204 344 357 386 248 81 441 440 291 327 49 331
374 0 -1 -1 496 -1 498 333 69 -1 -1 366 436 173 -1 111
113 -1 0 -1 281 -1 268 464 221 -1 -1 37 110 267 275 419
-1 -1 -1 0 337 -1 335 112 -1 -1 53 82 66 -1 189 436
204 496 281 337 0 221 166 437 372 239 -1 453 -1 328 23 144
344 -1 -1 -1 221 0 428 466 392 370 422 57 26 388 59 375
357 498 268 335 166 428 0 218 266 179 130 339 72 402 170 273
386 333 464 112 437 466 218 0 236 77 186 41 61 275 18 379
248 69 221 -1 372 392 266 236 0 264 351 432 221 371 461 477
81 -1 -1 -1 239 370 179 77 264 0 -1 442 420 434 -1 95
441 -1 -1 53 -1 422 130 186 351 -1 0 193 352 18 275 -1
440 366 37 82 453 57 339 41 432 442 193 0 -1 237 288 71
291 436 110 66 -1 26 72 61 221 420 352 -1 0 183 15 152
327 173 267 -1 328 388 402 275 371 434 18 237 183 0 459 219
49 -1 275 189 23 59 170 18 461 -1 275 288 15 459 0 154
331 111 419 436 144 375 273 379 477 95 -1 71 152 219 154 0
