5
2652
58
1845
1648
622
10
215
564
216
774
519
425
734
538
108
996
0 45 75 3 21
45 0 99 58 -1
75 99 0 30 -1
3 58 30 0 95
21 -1 -1 95 0
0 179 455 185 123 491 380 153 -1 357
179 0 230 266 -1 -1 198 470 460 364
455 230 0 182 421 129 86 -1 416 94
185 266 182 0 -1 -1 494 40 341 347
123 -1 421 -1 0 -1 361 416 454 123
491 -1 129 -1 -1 0 123 83 -1 463
380 198 86 494 361 123 0 -1 367 390
153 470 -1 40 416 83 -1 0 91 205
-1 460 416 341 454 -1 367 91 0 396
357 364 94 347 123 463 390 205 396 0
