8
1944
1247
2606
1166
2981
2930
311
2739
16
776
561
987
124
524
381
569
689
954
750
189
471
224
295
374
547
0 59 51 63 35 85 57 59
59 0 -1 48 7 -1 12 88
51 -1 0 49 40 70 39 87
63 48 49 0 98 48 54 -1
35 7 40 98 0 21 49 -1
85 -1 70 48 21 0 35 76
57 12 39 54 49 35 0 60
59 88 87 -1 -1 76 60 0
0 -1 -1 -1 229 375 224 306 -1 447 -1 -1 98 -1 424 -1
-1 0 483 179 198 365 44 -1 327 276 477 447 476 493 129 25
-1 483 0 -1 -1 220 249 354 219 451 481 105 480 -1 345 -1
-1 179 -1 0 358 165 110 461 -1 -1 -1 140 473 -1 172 490
229 198 -1 358 0 64 183 89 19 397 139 127 87 102 304 217
375 365 220 165 64 0 254 49 -1 77 107 236 171 -1 99 -1
224 44 249 110 183 254 0 80 397 455 88 205 375 298 111 374
306 -1 354 461 89 49 80 0 160 391 434 227 63 67 388 491
-1 327 219 -1 19 -1 397 160 0 -1 78 -1 274 -1 -1 -1
447 276 451 -1 397 77 455 391 -1 0 121 -1 83 -1 7 -1
-1 477 481 -1 139 107 88 434 78 121 0 422 4 -1 70 -1
-1 447 105 140 127 236 205 227 -1 -1 422 0 27 -1 469 -1
98 476 480 473 87 171 375 63 274 83 4 27 0 472 293 20
-1 493 -1 -1 102 -1 298 67 -1 -1 -1 -1 472 0 451 135
424 129 345 172 304 99 111 388 -1 7 70 469 293 451 0 -1
-1 25 -1 490 217 -1 374 491 -1 -1 -1 -1 20 135 -1 0
