9
1509
2899
2652
1668
31
768
2172
655
1484
18
957
226
473
641
514
891
373
139
131
593
605
170
148
945
778
696
326
193
0 87 -1 21 66 93 81 20 16
87 0 -1 -1 95 -1 23 37 -1
-1 -1 0 -1 -1 -1 43 18 74
21 -1 -1 0 44 91 -1 37 12
66 95 -1 44 0 41 1 28 14
93 -1 -1 91 41 0 15 85 69
81 23 43 -1 1 15 0 60 28
20 37 18 37 28 85 60 0 -1
16 -1 74 12 14 69 28 -1 0
0 252 110 -1 179 152 239 -1 63 -1 44 260 349 212 475 333 423 -1
252 0 333 310 -1 157 16 269 228 370 -1 467 57 273 189 477 -1 369
110 333 0 383 145 388 317 243 390 -1 219 20 465 389 361 415 390 431
-1 310 383 0 -1 -1 333 -1 422 -1 178 478 449 -1 -1 67 -1 -1
179 -1 145 -1 0 289 28 -1 383 -1 179 273 359 -1 437 -1 248 407
152 157 388 -1 289 0 -1 183 414 308 426 146 420 344 467 213 266 184
239 16 317 333 28 -1 0 8 56 339 397 97 56 1 346 280 425 213
-1 269 243 -1 -1 183 8 0 98 305 249 250 442 132 99 133 387 429
63 228 390 422 383 414 56 98 0 344 53 342 132 58 100 93 397 405
-1 370 -1 -1 -1 308 339 305 344 0 176 354 315 -1 120 254 181 -1
44 -1 219 178 179 426 397 249 53 176 0 239 467 436 441 159 210 257
260 467 20 478 273 146 97 250 342 354 239 0 43 412 423 287 121 475
349 57 465 449 359 420 56 442 132 315 467 43 0 126 -1 447 388 342
212 273 389 -1 -1 344 1 132 58 -1 436 412 126 0 240 229 414 -1
475 189 361 -1 437 467 346 99 100 120 441 423 -1 240 0 202 85 195
333 477 415 67 -1 213 280 133 93 254 159 287 447 229 202 0 122 210
423 -1 390 -1 248 266 425 387 397 181 210 121 388 414 85 122 0 238
-1 369 431 -1 407 184 213 429 405 -1 257 475 342 -1 195 210 238 0
