3
1074
2346
2004
6
766
246
320
581
25
77
0 13 59
13 0 94
59 94 0
0 301 223 264 320 -1
301 0 150 314 95 373
223 150 0 64 395 129
264 314 64 0 220 289
320 95 395 220 0 262
-1 373 129 289 262 0
