8
2618
1888
2769
2310
741
333
2162
2019
16
751
317
825
144
77
579
112
245
809
699
377
279
165
130
280
440
0 12 17 72 16 70 82 4
12 0 -1 90 13 32 45 40
17 -1 0 6 63 45 95 71
72 90 6 0 35 2 15 94
16 13 63 35 0 26 96 50
70 32 45 2 26 0 92 70
82 45 95 15 96 92 0 38
4 40 71 94 50 70 38 0
0 222 232 121 244 402 335 253 391 98 16 267 35 275 221 190
222 0 -1 -1 295 65 491 477 357 -1 -1 132 462 186 363 398
232 -1 0 497 213 120 319 361 -1 254 498 -1 397 360 16 22
121 -1 497 0 233 234 310 12 203 422 269 137 73 126 34 87
244 295 213 233 0 137 141 351 244 256 399 -1 430 263 287 283
402 65 120 234 137 0 354 481 63 217 296 446 46 95 203 465
335 491 319 310 141 354 0 363 316 93 261 369 250 53 442 202
253 477 361 12 351 481 363 0 103 176 340 176 458 156 73 457
391 357 -1 203 244 63 316 103 0 214 -1 443 34 491 223 339
98 -1 254 422 256 217 93 176 214 0 -1 138 190 -1 8 477
16 -1 498 269 399 296 261 340 -1 -1 0 397 97 -1 287 147
267 132 -1 137 -1 446 369 176 443 138 397 0 14 238 215 316
35 462 397 73 430 46 250 458 34 190 97 14 0 -1 468 229
275 186 360 126 263 95 53 156 491 -1 -1 238 -1 0 261 423
221 363 16 34 287 203 442 73 223 8 287 215 468 261 0 92
190 398 22 87 283 465 202 457 339 477 147 316 229 423 92 0
