7
405
2953
1330
850
800
194
1820
14
273
432
92
252
615
262
506
658
815
791
301
952
549
725
0 99 91 28 36 54 39
99 0 19 40 96 24 34
91 19 0 33 29 -1 -1
28 40 33 0 23 99 -1
36 96 29 23 0 18 84
54 24 -1 99 18 0 22
39 34 -1 -1 84 22 0
0 295 308 327 244 -1 93 205 280 416 169 259 177 115
295 0 -1 19 -1 31 357 222 -1 -1 117 30 451 -1
308 -1 0 -1 -1 169 -1 -1 446 402 207 -1 397 244
327 19 -1 0 -1 154 -1 407 495 390 484 261 78 -1
244 -1 -1 -1 0 -1 -1 -1 -1 237 450 193 378 -1
-1 31 169 154 -1 0 -1 377 44 258 -1 322 347 -1
93 357 -1 -1 -1 -1 0 -1 -1 457 41 283 239 -1
205 222 -1 407 -1 377 -1 0 368 73 407 107 221 -1
280 -1 446 495 -1 44 -1 368 0 130 41 277 -1 -1
416 -1 402 390 237 258 457 73 130 0 74 77 75 243
169 117 207 484 450 -1 41 407 41 74 0 421 293 316
259 30 -1 261 193 322 283 107 277 77 421 0 122 188
177 451 397 78 378 347 239 221 -1 75 293 122 0 178
115 -1 244 -1 -1 -1 -1 -1 -1 243 316 188 178 0
