7
1532
1576
1980
1228
265
1745
2429
14
595
3
318
582
90
166
933
822
443
271
702
48
354
312
0 74 52 74 -1 93 31
74 0 69 31 16 39 54
52 69 0 24 97 42 1
74 31 24 0 -1 96 26
-1 16 97 -1 0 22 58
93 39 42 96 22 0 36
31 54 1 26 58 36 0
0 208 -1 -1 86 430 12 131 298 -1 350 -1 -1 -1
208 0 330 39 -1 366 142 -1 287 -1 235 39 78 475
-1 330 0 397 -1 -1 35 -1 164 196 332 416 144 -1
-1 39 397 0 102 -1 -1 -1 360 127 288 343 133 -1
86 -1 -1 102 0 -1 97 84 -1 485 34 -1 8 1
430 366 -1 -1 -1 0 467 318 -1 -1 -1 -1 -1 93
12 142 35 -1 97 467 0 59 -1 -1 327 196 453 403
131 -1 -1 -1 84 318 59 0 96 427 -1 -1 359 -1
298 287 164 360 -1 -1 -1 96 0 202 215 164 -1 354
-1 -1 196 127 485 -1 -1 427 202 0 -1 243 -1 395
350 235 332 288 34 -1 327 -1 215 -1 0 -1 495 371
-1 39 416 343 -1 -1 196 -1 164 243 -1 0 -1 497
-1 78 144 133 8 -1 453 359 -1 -1 495 -1 0 369
-1 475 -1 -1 1 93 403 -1 354 395 371 497 369 0
