8
1913
2666
1962
157
2895
1006
1345
1919
16
399
649
326
854
707
10
392
668
882
870
667
379
867
312
175
932
0 83 58 20 87 89 24 40
83 0 58 59 61 1 -1 28
58 58 0 65 -1 94 57 53
20 59 65 0 4 82 74 -1
87 61 -1 4 0 51 77 32
89 1 94 82 51 0 76 94
24 -1 57 74 77 76 0 3
40 28 53 -1 32 94 3 0
0 339 349 240 161 295 28 85 287 235 436 134 102 60 399 36
339 0 500 30 -1 127 489 393 335 -1 -1 25 303 52 417 316
349 500 0 301 -1 447 179 470 -1 -1 -1 314 391 -1 -1 349
240 30 301 0 31 12 475 486 130 44 -1 167 370 147 138 45
161 -1 -1 31 0 178 125 -1 433 477 61 15 247 295 362 200
295 127 447 12 178 0 266 480 1 309 269 263 303 -1 215 -1
28 489 179 475 125 266 0 100 294 139 405 23 250 451 247 76
85 393 470 486 -1 480 100 0 266 470 261 151 -1 130 427 180
287 335 -1 130 433 1 294 266 0 105 418 389 377 -1 -1 434
235 -1 -1 44 477 309 139 470 105 0 257 44 -1 262 -1 -1
436 -1 -1 -1 61 269 405 261 418 257 0 5 153 269 104 359
134 25 314 167 15 263 23 151 389 44 5 0 115 -1 482 304
102 303 391 370 247 303 250 -1 377 -1 153 115 0 208 283 148
60 52 -1 147 295 -1 451 130 -1 262 269 -1 208 0 -1 120
399 417 -1 138 362 215 247 427 -1 -1 104 482 283 -1 0 443
36 316 349 45 200 -1 76 180 434 -1 359 304 148 120 443 0
