8
1539
1932
2792
1475
2481
1166
1522
1686
16
502
699
583
40
928
355
914
277
968
345
736
194
32
652
647
593
0 24 -1 3 11 18 14 7
24 0 71 -1 15 -1 83 21
-1 71 0 10 -1 8 6 42
3 -1 10 0 55 39 73 47
11 15 -1 55 0 -1 -1 66
18 -1 8 39 -1 0 35 33
14 83 6 73 -1 35 0 45
7 21 42 47 66 33 45 0
0 71 243 315 36 438 108 455 -1 408 87 -1 -1 -1 171 -1
71 0 217 250 70 12 311 443 290 285 66 342 317 263 417 88
243 217 0 478 392 359 150 132 9 -1 361 393 296 473 198 60
315 250 478 0 233 364 145 437 -1 372 155 -1 416 427 439 392
36 70 392 233 0 315 326 330 450 177 202 164 -1 -1 361 306
438 12 359 364 315 0 268 437 486 151 189 480 391 165 -1 295
108 311 150 145 326 268 0 201 -1 117 291 463 -1 482 408 122
455 443 132 437 330 437 201 0 269 362 85 320 303 404 -1 234
-1 290 9 -1 450 486 -1 269 0 372 277 -1 28 112 140 -1
408 285 -1 372 177 151 117 362 372 0 268 407 220 108 284 77
87 66 361 155 202 189 291 85 277 268 0 48 1 114 407 1
-1 342 393 -1 164 480 463 320 -1 407 48 0 227 4 -1 203
-1 317 296 416 -1 391 -1 303 28 220 1 227 0 -1 -1 198
-1 263 473 427 -1 165 482 404 112 108 114 4 -1 0 178 91
171 417 198 439 361 -1 408 -1 140 284 407 -1 -1 178 0 3
-1 88 60 392 306 295 122 234 -1 77 1 203 198 91 3 0
