7
1278
1218
845
175
2517
2215
2001
14
353
145
660
529
374
635
508
82
621
321
565
91
886
731
0 12 -1 33 72 11 18
12 0 37 33 97 38 -1
-1 37 0 16 3 72 16
33 33 16 0 98 16 13
72 97 3 98 0 58 4
11 38 72 16 58 0 42
18 -1 16 13 4 42 0
0 49 131 153 -1 96 -1 2 36 266 119 273 -1 292
49 0 401 165 373 250 -1 243 319 180 67 266 12 407
131 401 0 417 120 485 432 203 320 216 -1 31 -1 99
153 165 417 0 353 157 62 476 364 266 196 489 276 39
-1 373 120 353 0 43 417 474 1 284 299 189 299 -1
96 250 485 157 43 0 378 353 237 103 191 166 136 31
-1 -1 432 62 417 378 0 255 363 -1 -1 148 54 186
2 243 203 476 474 353 255 0 24 114 417 11 110 112
36 319 320 364 1 237 363 24 0 437 362 368 294 302
266 180 216 266 284 103 -1 114 437 0 105 337 408 339
119 67 -1 196 299 191 -1 417 362 105 0 -1 291 364
273 266 31 489 189 166 148 11 368 337 -1 0 491 -1
-1 12 -1 276 299 136 54 110 294 408 291 491 0 177
292 407 99 39 -1 31 186 112 302 339 364 -1 177 0
