4
2690
402
1674
2415
8
647
858
705
827
730
533
909
737
0 55 56 3
55 0 50 95
56 50 0 100
3 95 100 0
0 29 445 -1 195 426 2 91
29 0 -1 74 -1 435 46 -1
445 -1 0 144 -1 -1 -1 -1
-1 74 144 0 -1 92 -1 -1
195 -1 -1 -1 0 191 228 200
426 435 -1 92 191 0 -1 -1
2 46 -1 -1 228 -1 0 441
91 -1 -1 -1 200 -1 441 0
