9
2648
1141
306
1301
215
2260
2849
2876
1199
18
593
466
70
707
157
738
339
502
566
987
396
909
939
708
138
312
276
488
0 -1 29 89 36 94 49 57 100
-1 0 -1 27 -1 77 70 45 98
29 -1 0 -1 34 22 40 83 25
89 27 -1 0 -1 -1 51 29 16
36 -1 34 -1 0 43 -1 -1 12
94 77 22 -1 43 0 53 78 -1
49 70 40 51 -1 53 0 30 89
57 45 83 29 -1 78 30 0 -1
100 98 25 16 12 -1 89 -1 0
0 401 324 487 421 383 230 14 435 130 253 311 305 54 268 312 382 105
401 0 65 204 431 476 72 267 -1 110 20 403 79 20 164 421 207 366
324 65 0 -1 89 188 93 462 146 119 495 162 424 292 253 47 147 438
487 204 -1 0 435 258 318 63 393 43 -1 -1 127 293 397 500 93 -1
421 431 89 435 0 124 474 410 477 5 285 37 40 362 194 252 112 285
383 476 188 258 124 0 488 234 203 -1 -1 -1 159 55 142 189 206 272
230 72 93 318 474 488 0 379 -1 382 256 222 210 302 445 148 90 133
14 267 462 63 410 234 379 0 247 175 411 237 263 314 416 156 141 297
435 -1 146 393 477 203 -1 247 0 299 221 60 241 31 22 370 324 415
130 110 119 43 5 -1 382 175 299 0 -1 500 68 328 13 180 403 391
253 20 495 -1 285 -1 256 411 221 -1 0 374 -1 462 430 130 91 258
311 403 162 -1 37 -1 222 237 60 500 374 0 153 480 417 -1 389 369
305 79 424 127 40 159 210 263 241 68 -1 153 0 229 401 34 438 -1
54 20 292 293 362 55 302 314 31 328 462 480 229 0 481 145 6 429
268 164 253 397 194 142 445 416 22 13 430 417 401 481 0 52 214 8
312 421 47 500 252 189 148 156 370 180 130 -1 34 145 52 0 471 220
382 207 147 93 112 206 90 141 324 403 91 389 438 6 214 471 0 458
105 366 438 -1 285 272 133 297 415 391 258 369 -1 429 8 220 458 0
