5
1826
217
1039
2474
2811
10
717
978
564
914
735
414
451
653
42
16
0 -1 36 53 16
-1 0 91 65 64
36 91 0 22 32
53 65 22 0 67
16 64 32 67 0
0 429 -1 435 48 355 289 485 340 213
429 0 434 -1 197 491 350 185 212 245
-1 434 0 389 109 345 104 87 19 230
435 -1 389 0 -1 285 311 -1 -1 79
48 197 109 -1 0 -1 372 -1 -1 414
355 491 345 285 -1 0 154 -1 -1 423
289 350 104 311 372 154 0 464 433 88
485 185 87 -1 -1 -1 464 0 369 91
340 212 19 -1 -1 -1 433 369 0 -1
213 245 230 79 414 423 88 91 -1 0
