5
28
2192
1472
1821
1809
10
253
930
895
89
761
243
310
747
819
54
0 14 44 98 32
14 0 60 61 34
44 60 0 4 85
98 61 4 0 -1
32 34 85 -1 0
0 178 -1 375 386 146 4 -1 493 266
178 0 391 248 36 -1 367 201 354 164
-1 391 0 439 335 -1 -1 70 387 91
375 248 439 0 458 -1 -1 57 -1 39
386 36 335 458 0 178 366 300 130 392
146 -1 -1 -1 178 0 -1 -1 -1 450
4 367 -1 -1 366 -1 0 -1 -1 46
-1 201 70 57 300 -1 -1 0 153 196
493 354 387 -1 130 -1 -1 153 0 30
266 164 91 39 392 450 46 196 30 0
