3
793
2780
2505
6
718
329
206
919
874
665
0 34 57
34 0 69
57 69 0
0 288 13 92 95 394
288 0 174 269 73 324
13 174 0 34 284 395
92 269 34 0 423 -1
95 73 284 423 0 430
394 324 395 -1 430 0
