3
1481
2690
367
6
966
354
707
796
883
348
0 -1 31
-1 0 29
31 29 0
0 434 210 140 158 41
434 0 126 294 25 420
210 126 0 250 296 230
140 294 250 0 419 207
158 25 296 419 0 368
41 420 230 207 368 0
