3
2963
307
1727
6
586
909
887
606
275
115
0 3 38
3 0 59
38 59 0
0 -1 485 206 95 104
-1 0 257 492 316 423
485 257 0 478 395 493
206 492 478 0 80 103
95 316 395 80 0 184
104 423 493 103 184 0
