3
2689
1685
47
6
560
711
695
553
838
64
0 73 41
73 0 27
41 27 0
0 354 289 413 47 204
354 0 119 14 -1 214
289 119 0 203 381 426
413 14 203 0 -1 -1
47 -1 381 -1 0 411
204 214 426 -1 411 0
