3
689
2266
2925
6
713
335
498
734
506
537
0 16 87
16 0 48
87 48 0
0 158 317 66 392 373
158 0 59 155 291 257
317 59 0 307 431 248
66 155 307 0 382 165
392 291 431 382 0 428
373 257 248 165 428 0
