3
2797
2418
754
6
816
695
185
493
708
289
0 1 62
1 0 85
62 85 0
0 104 351 154 404 463
104 0 118 210 65 289
351 118 0 458 250 406
154 210 458 0 289 194
404 65 250 289 0 147
463 289 406 194 147 0
