3
2813
2870
2709
6
179
996
280
541
799
24
0 76 51
76 0 51
51 51 0
0 -1 211 274 -1 244
-1 0 351 272 22 469
211 351 0 105 96 22
274 272 105 0 273 145
-1 22 96 273 0 137
244 469 22 145 137 0
