3
2325
1761
2681
6
996
81
673
596
296
186
0 91 76
91 0 38
76 38 0
0 28 148 -1 415 341
28 0 295 441 159 347
148 295 0 296 145 259
-1 441 296 0 409 264
415 159 145 409 0 308
341 347 259 264 308 0
