3
876
2060
1808
6
955
582
395
198
952
631
0 91 52
91 0 62
52 62 0
0 62 32 334 222 416
62 0 382 121 -1 -1
32 382 0 465 429 145
334 121 465 0 353 350
222 -1 429 353 0 160
416 -1 145 350 160 0
