3
699
510
1137
6
146
169
31
678
403
715
0 73 21
73 0 55
21 55 0
0 411 141 345 493 431
411 0 428 108 289 -1
141 428 0 86 12 164
345 108 86 0 213 38
493 289 12 213 0 -1
431 -1 164 38 -1 0
