3
1671
1845
672
6
213
109
853
453
311
985
0 15 29
15 0 49
29 49 0
0 470 378 187 459 -1
470 0 370 214 316 301
378 370 0 427 -1 275
187 214 427 0 479 268
459 316 -1 479 0 459
-1 301 275 268 459 0
