3
2321
741
2791
6
875
980
287
642
431
158
0 91 55
91 0 62
55 62 0
0 269 203 150 68 403
269 0 408 483 25 486
203 408 0 -1 101 306
150 483 -1 0 201 292
68 25 101 201 0 176
403 486 306 292 176 0
