3
247
2949
1772
6
295
607
612
799
467
529
0 15 17
15 0 40
17 40 0
0 429 59 354 474 392
429 0 457 432 63 476
59 457 0 405 137 276
354 432 405 0 -1 136
474 63 137 -1 0 483
392 476 276 136 483 0
