3
1197
1065
1910
6
19
678
207
818
145
33
0 54 80
54 0 25
80 25 0
0 454 193 86 194 316
454 0 430 21 455 308
193 430 0 -1 136 90
86 21 -1 0 463 272
194 455 136 463 0 394
316 308 90 272 394 0
