3
2958
2669
776
6
519
880
183
20
845
425
0 71 -1
71 0 31
-1 31 0
0 399 430 216 254 377
399 0 219 459 470 150
430 219 0 -1 299 44
216 459 -1 0 122 429
254 470 299 122 0 218
377 150 44 429 218 0
