3
439
2589
2494
6
353
124
465
425
753
400
0 37 45
37 0 -1
45 -1 0
0 27 382 81 75 107
27 0 161 110 -1 63
382 161 0 373 247 157
81 110 373 0 -1 179
75 -1 247 -1 0 74
107 63 157 179 74 0
