3
2090
648
2836
6
437
55
989
586
296
982
0 26 31
26 0 57
31 57 0
0 356 237 206 296 306
356 0 76 294 42 13
237 76 0 -1 161 -1
206 294 -1 0 32 -1
296 42 161 32 0 427
306 13 -1 -1 427 0
