3
47
2362
2288
6
713
660
10
347
614
899
0 95 32
95 0 40
32 40 0
0 356 174 182 18 85
356 0 101 306 153 363
174 101 0 -1 46 204
182 306 -1 0 102 50
18 153 46 102 0 473
85 363 204 50 473 0
