3
1769
2408
1636
6
461
404
317
945
447
498
0 58 43
58 0 84
43 84 0
0 -1 213 102 381 125
-1 0 98 369 73 433
213 98 0 377 29 409
102 369 377 0 289 4
381 73 29 289 0 224
125 433 409 4 224 0
