3
2838
1602
1977
6
950
621
290
651
339
585
0 51 76
51 0 72
76 72 0
0 461 45 458 12 189
461 0 290 22 169 173
45 290 0 374 138 145
458 22 374 0 269 500
12 169 138 269 0 192
189 173 145 500 192 0
