3
2549
1892
2025
6
556
77
488
986
199
863
0 65 93
65 0 6
93 6 0
0 420 326 424 102 47
420 0 406 362 257 -1
326 406 0 238 336 457
424 362 238 0 19 77
102 257 336 19 0 66
47 -1 457 77 66 0
