3
2321
992
436
6
117
16
199
490
775
834
0 31 97
31 0 63
97 63 0
0 286 488 48 444 186
286 0 367 129 84 374
488 367 0 315 -1 -1
48 129 315 0 264 122
444 84 -1 264 0 157
186 374 -1 122 157 0
