3
2948
2511
2304
6
638
78
988
809
538
899
0 27 8
27 0 60
8 60 0
0 284 -1 385 -1 -1
284 0 454 282 109 117
-1 454 0 131 493 432
385 282 131 0 101 25
-1 109 493 101 0 107
-1 117 432 25 107 0
