3
1114
1277
1601
6
643
891
430
822
124
927
0 60 15
60 0 63
15 63 0
0 246 269 208 -1 325
246 0 30 225 141 -1
269 30 0 190 185 256
208 225 190 0 96 413
-1 141 185 96 0 375
325 -1 256 413 375 0
