3
1488
2282
2509
6
670
459
590
248
588
133
0 21 64
21 0 89
64 89 0
0 95 33 98 373 299
95 0 187 375 458 424
33 187 0 263 424 137
98 375 263 0 147 81
373 458 424 147 0 64
299 424 137 81 64 0
