3
1370
2834
1588
6
200
677
197
775
302
20
0 50 68
50 0 28
68 28 0
0 380 383 463 381 -1
380 0 357 103 29 458
383 357 0 436 180 181
463 103 436 0 84 434
381 29 180 84 0 138
-1 458 181 434 138 0
