3
945
2529
2984
6
824
458
749
815
109
635
0 58 23
58 0 67
23 67 0
0 393 115 353 491 322
393 0 66 487 104 320
115 66 0 -1 -1 331
353 487 -1 0 -1 346
491 104 -1 -1 0 335
322 320 331 346 335 0
