3
2819
884
1578
6
261
494
93
763
965
636
0 4 74
4 0 9
74 9 0
0 374 245 480 359 285
374 0 232 -1 442 327
245 232 0 -1 228 -1
480 -1 -1 0 383 366
359 442 228 383 0 439
285 327 -1 366 439 0
