3
76
2265
1583
6
887
943
131
238
581
671
0 36 52
36 0 65
52 65 0
0 21 389 118 417 127
21 0 -1 -1 29 43
389 -1 0 310 7 420
118 -1 310 0 234 488
417 29 7 234 0 415
127 43 420 488 415 0
