3
1265
1113
1718
6
180
885
820
962
799
192
0 15 92
15 0 64
92 64 0
0 418 482 309 499 226
418 0 -1 339 208 454
482 -1 0 492 483 472
309 339 492 0 119 499
499 208 483 119 0 63
226 454 472 499 63 0
