3
942
1266
2467
6
763
562
940
755
447
321
0 42 -1
42 0 -1
-1 -1 0
0 377 90 84 495 226
377 0 236 405 29 411
90 236 0 278 17 136
84 405 278 0 148 -1
495 29 17 148 0 218
226 411 136 -1 218 0
