3
1220
2033
2166
6
154
868
852
723
155
217
0 83 73
83 0 91
73 91 0
0 296 16 361 367 -1
296 0 166 147 137 43
16 166 0 284 248 265
361 147 284 0 2 487
367 137 248 2 0 84
-1 43 265 487 84 0
