3
1566
903
2642
6
41
244
534
747
879
354
0 7 37
7 0 72
37 72 0
0 348 365 81 464 391
348 0 101 462 430 458
365 101 0 233 148 395
81 462 233 0 192 119
464 430 148 192 0 28
391 458 395 119 28 0
