3
1468
1994
1923
6
116
908
904
180
869
574
0 16 5
16 0 85
5 85 0
0 -1 75 407 81 190
-1 0 -1 242 22 131
75 -1 0 377 133 35
407 242 377 0 73 145
81 22 133 73 0 361
190 131 35 145 361 0
