3
2478
1046
756
6
980
640
793
140
252
697
0 1 19
1 0 64
19 64 0
0 81 -1 117 458 -1
81 0 282 325 76 377
-1 282 0 8 430 211
117 325 8 0 405 358
458 76 430 405 0 393
-1 377 211 358 393 0
