3
2632
1385
21
6
610
279
348
118
123
713
0 35 66
35 0 -1
66 -1 0
0 283 51 218 453 275
283 0 -1 322 380 69
51 -1 0 91 110 262
218 322 91 0 418 179
453 380 110 418 0 380
275 69 262 179 380 0
