3
1571
1741
2913
6
317
949
551
346
762
315
0 97 64
97 0 13
64 13 0
0 167 492 391 -1 405
167 0 343 394 351 327
492 343 0 178 470 116
391 394 178 0 307 166
-1 351 470 307 0 337
405 327 116 166 337 0
