3
334
1754
2696
6
996
35
194
554
571
517
0 46 27
46 0 81
27 81 0
0 192 304 496 -1 261
192 0 249 356 276 36
304 249 0 247 32 305
496 356 247 0 -1 169
-1 276 32 -1 0 227
261 36 305 169 227 0
