3
598
862
2922
6
959
399
618
296
688
950
0 37 -1
37 0 87
-1 87 0
0 257 -1 197 302 194
257 0 235 86 184 423
-1 235 0 -1 451 435
197 86 -1 0 -1 452
302 184 451 -1 0 319
194 423 435 452 319 0
