3
2592
1471
1504
6
723
101
161
856
221
836
0 75 18
75 0 70
18 70 0
0 335 351 165 449 440
335 0 486 115 365 264
351 486 0 425 284 163
165 115 425 0 301 140
449 365 284 301 0 338
440 264 163 140 338 0
