3
1214
2341
2843
6
984
997
880
704
208
837
0 34 72
34 0 37
72 37 0
0 381 343 277 132 100
381 0 150 124 310 448
343 150 0 413 173 126
277 124 413 0 -1 480
132 310 173 -1 0 235
100 448 126 480 235 0
