3
1490
2667
1097
6
340
534
253
888
36
3
0 4 93
4 0 42
93 42 0
0 202 451 200 361 476
202 0 234 140 281 134
451 234 0 87 207 248
200 140 87 0 484 315
361 281 207 484 0 343
476 134 248 315 343 0
