3
59
2318
1913
6
341
57
164
907
932
967
0 42 31
42 0 13
31 13 0
0 122 447 109 189 17
122 0 458 478 428 284
447 458 0 309 -1 488
109 478 309 0 333 272
189 428 -1 333 0 -1
17 284 488 272 -1 0
