3
1176
2382
2289
6
873
302
464
282
955
675
0 68 33
68 0 76
33 76 0
0 52 130 107 -1 236
52 0 444 307 281 144
130 444 0 29 -1 11
107 307 29 0 171 382
-1 281 -1 171 0 225
236 144 11 382 225 0
