3
2636
1232
2268
6
199
762
947
175
85
405
0 -1 48
-1 0 84
48 84 0
0 427 22 138 57 96
427 0 263 60 483 359
22 263 0 284 77 494
138 60 284 0 39 143
57 483 77 39 0 -1
96 359 494 143 -1 0
