3
195
1815
1909
6
375
688
776
285
518
118
0 4 25
4 0 31
25 31 0
0 -1 276 34 70 222
-1 0 -1 133 228 290
276 -1 0 254 38 496
34 133 254 0 121 186
70 228 38 121 0 222
222 290 496 186 222 0
