3
1663
2883
683
6
473
711
808
236
878
580
0 84 31
84 0 89
31 89 0
0 32 146 95 109 149
32 0 162 17 -1 -1
146 162 0 105 106 65
95 17 105 0 200 101
109 -1 106 200 0 115
149 -1 65 101 115 0
