3
406
2239
959
6
487
272
823
668
122
941
0 73 -1
73 0 93
-1 93 0
0 105 309 8 -1 -1
105 0 126 310 23 373
309 126 0 257 435 293
8 310 257 0 281 15
-1 23 435 281 0 374
-1 373 293 15 374 0
