3
1945
1986
1084
6
357
650
384
70
998
990
0 56 -1
56 0 65
-1 65 0
0 189 403 51 463 333
189 0 129 195 333 116
403 129 0 111 149 336
51 195 111 0 401 368
463 333 149 401 0 226
333 116 336 368 226 0
