3
2753
515
1687
6
533
489
778
70
689
472
0 93 60
93 0 16
60 16 0
0 85 116 160 21 68
85 0 -1 68 72 66
116 -1 0 69 18 489
160 68 69 0 206 245
21 72 18 206 0 462
68 66 489 245 462 0
