3
2576
2687
2422
6
746
63
742
364
305
920
0 67 5
67 0 87
5 87 0
0 379 212 439 -1 315
379 0 340 478 46 257
212 340 0 -1 -1 109
439 478 -1 0 495 163
-1 46 -1 495 0 226
315 257 109 163 226 0
