3
2309
614
2540
6
271
490
628
279
770
290
0 94 59
94 0 52
59 52 0
0 108 343 269 270 254
108 0 268 411 296 284
343 268 0 464 412 79
269 411 464 0 188 435
270 296 412 188 0 233
254 284 79 435 233 0
