3
1864
553
810
6
406
315
184
658
138
446
0 74 96
74 0 62
96 62 0
0 386 460 207 -1 430
386 0 328 278 -1 172
460 328 0 425 444 152
207 278 425 0 -1 208
-1 -1 444 -1 0 318
430 172 152 208 318 0
