3
456
902
2079
6
818
814
336
141
131
718
0 2 6
2 0 84
6 84 0
0 299 397 117 8 497
299 0 -1 172 -1 395
397 -1 0 458 46 34
117 172 458 0 53 204
8 -1 46 53 0 212
497 395 34 204 212 0
