3
2962
1576
1921
6
118
634
32
656
620
389
0 71 17
71 0 15
17 15 0
0 201 204 -1 247 308
201 0 167 16 402 499
204 167 0 414 32 371
-1 16 414 0 138 449
247 402 32 138 0 278
308 499 371 449 278 0
