3
1648
2008
125
6
936
450
510
121
579
688
0 84 31
84 0 45
31 45 0
0 292 377 -1 355 42
292 0 385 142 359 51
377 385 0 -1 215 303
-1 142 -1 0 127 359
355 359 215 127 0 168
42 51 303 359 168 0
