3
2952
2219
2296
6
410
422
802
323
85
581
0 29 -1
29 0 -1
-1 -1 0
0 183 359 469 428 385
183 0 218 453 235 462
359 218 0 411 -1 487
469 453 411 0 214 208
428 235 -1 214 0 422
385 462 487 208 422 0
