3
1254
2084
1037
6
343
268
410
93
260
249
0 3 61
3 0 46
61 46 0
0 380 43 224 64 368
380 0 101 20 418 -1
43 101 0 -1 206 282
224 20 -1 0 223 429
64 418 206 223 0 172
368 -1 282 429 172 0
