3
2923
2165
2987
6
755
428
883
723
392
262
0 43 9
43 0 60
9 60 0
0 350 -1 74 220 -1
350 0 161 320 95 167
-1 161 0 351 332 293
74 320 351 0 445 100
220 95 332 445 0 457
-1 167 293 100 457 0
