3
604
461
2326
6
403
999
275
79
862
377
0 39 72
39 0 85
72 85 0
0 185 232 431 398 43
185 0 432 74 468 223
232 432 0 487 422 372
431 74 487 0 417 282
398 468 422 417 0 72
43 223 372 282 72 0
