3
983
1454
2247
6
950
872
574
364
274
651
0 -1 11
-1 0 56
11 56 0
0 170 238 156 422 96
170 0 233 279 215 108
238 233 0 261 483 375
156 279 261 0 -1 62
422 215 483 -1 0 220
96 108 375 62 220 0
