3
2447
418
396
6
293
237
386
268
144
409
0 -1 27
-1 0 32
27 32 0
0 22 356 475 483 47
22 0 99 274 372 225
356 99 0 78 -1 456
475 274 78 0 61 486
483 372 -1 61 0 366
47 225 456 486 366 0
