3
2336
1806
2875
6
642
653
625
85
874
592
0 17 16
17 0 83
16 83 0
0 21 184 251 120 102
21 0 256 285 309 12
184 256 0 203 396 166
251 285 203 0 453 487
120 309 396 453 0 224
102 12 166 487 224 0
