3
1118
2655
739
6
312
991
481
703
532
107
0 -1 37
-1 0 37
37 37 0
0 124 130 86 486 75
124 0 241 417 277 274
130 241 0 315 -1 9
86 417 315 0 374 306
486 277 -1 374 0 323
75 274 9 306 323 0
