3
407
1946
1149
6
886
408
626
133
606
378
0 3 16
3 0 99
16 99 0
0 57 363 315 444 256
57 0 369 54 403 243
363 369 0 424 133 61
315 54 424 0 49 243
444 403 133 49 0 119
256 243 61 243 119 0
