3
2076
2203
2852
6
652
679
687
957
303
527
0 71 58
71 0 -1
58 -1 0
0 420 262 165 87 124
420 0 -1 172 378 -1
262 -1 0 208 69 48
165 172 208 0 151 380
87 378 69 151 0 -1
124 -1 48 380 -1 0
