3
2027
1892
970
6
586
226
241
780
750
642
0 54 8
54 0 65
8 65 0
0 333 71 159 -1 211
333 0 272 101 -1 281
71 272 0 497 43 144
159 101 497 0 -1 119
-1 -1 43 -1 0 17
211 281 144 119 17 0
