3
7
2108
2898
6
271
294
385
165
962
739
0 28 10
28 0 51
10 51 0
0 348 231 480 361 18
348 0 121 38 159 434
231 121 0 349 329 37
480 38 349 0 87 321
361 159 329 87 0 199
18 434 37 321 199 0
