3
69
2282
535
6
962
363
900
232
188
23
0 27 91
27 0 63
91 63 0
0 167 17 184 134 56
167 0 9 381 326 354
17 9 0 371 254 262
184 381 371 0 272 188
134 326 254 272 0 60
56 354 262 188 60 0
