3
412
1306
2643
6
494
152
896
94
41
726
0 41 24
41 0 96
24 96 0
0 32 360 106 353 359
32 0 156 238 57 -1
360 156 0 454 3 302
106 238 454 0 343 198
353 57 3 343 0 9
359 -1 302 198 9 0
