3
2765
2707
2395
6
78
314
302
446
211
138
0 18 27
18 0 48
27 48 0
0 318 -1 463 280 3
318 0 380 456 83 326
-1 380 0 120 290 -1
463 456 120 0 278 451
280 83 290 278 0 177
3 326 -1 451 177 0
