3
878
2080
2626
6
63
173
518
282
930
202
0 32 19
32 0 66
19 66 0
0 216 36 33 463 188
216 0 372 469 484 344
36 372 0 434 180 354
33 469 434 0 221 -1
463 484 180 221 0 7
188 344 354 -1 7 0
