3
1308
1035
2089
6
933
566
993
919
196
53
0 21 93
21 0 59
93 59 0
0 266 16 167 374 -1
266 0 399 259 -1 173
16 399 0 344 419 268
167 259 344 0 -1 73
374 -1 419 -1 0 118
-1 173 268 73 118 0
