3
2235
2246
1661
6
818
252
458
314
878
675
0 68 83
68 0 72
83 72 0
0 158 340 245 225 419
158 0 268 458 55 136
340 268 0 -1 79 -1
245 458 -1 0 435 -1
225 55 79 435 0 269
419 136 -1 -1 269 0
