3
2304
1324
1913
6
553
110
672
816
215
159
0 2 89
2 0 42
89 42 0
0 186 438 -1 253 426
186 0 390 -1 211 500
438 390 0 149 444 387
-1 -1 149 0 429 59
253 211 444 429 0 33
426 500 387 59 33 0
