3
1849
2262
2176
6
308
975
411
661
931
186
0 23 13
23 0 20
13 20 0
0 246 153 76 330 13
246 0 110 107 36 272
153 110 0 -1 124 423
76 107 -1 0 25 286
330 36 124 25 0 -1
13 272 423 286 -1 0
