3
1086
440
1476
6
196
93
515
625
580
87
0 46 55
46 0 25
55 25 0
0 143 446 221 68 190
143 0 69 276 485 69
446 69 0 -1 395 212
221 276 -1 0 -1 -1
68 485 395 -1 0 297
190 69 212 -1 297 0
