3
2216
1653
545
6
767
218
335
903
880
251
0 29 90
29 0 2
90 2 0
0 323 351 -1 204 108
323 0 294 225 172 223
351 294 0 374 480 237
-1 225 374 0 213 498
204 172 480 213 0 367
108 223 237 498 367 0
