3
2149
328
2954
6
634
563
305
927
915
671
0 80 94
80 0 10
94 10 0
0 109 273 344 361 457
109 0 249 407 144 190
273 249 0 182 389 295
344 407 182 0 439 42
361 144 389 439 0 330
457 190 295 42 330 0
