3
2732
2865
1636
6
6
597
851
34
127
166
0 7 63
7 0 72
63 72 0
0 430 -1 315 216 350
430 0 351 134 288 291
-1 351 0 194 342 92
315 134 194 0 145 307
216 288 342 145 0 236
350 291 92 307 236 0
