3
2258
1464
96
6
678
689
606
339
482
5
0 98 86
98 0 70
86 70 0
0 16 471 370 454 103
16 0 376 248 -1 443
471 376 0 392 326 280
370 248 392 0 98 229
454 -1 326 98 0 -1
103 443 280 229 -1 0
