3
2009
906
462
6
28
862
227
691
80
197
0 37 40
37 0 86
40 86 0
0 69 296 414 112 217
69 0 220 201 221 -1
296 220 0 -1 245 337
414 201 -1 0 256 -1
112 221 245 256 0 271
217 -1 337 -1 271 0
