3
1434
2189
1465
6
334
888
554
43
231
604
0 96 61
96 0 41
61 41 0
0 118 77 412 92 450
118 0 232 83 59 271
77 232 0 374 357 -1
412 83 374 0 452 427
92 59 357 452 0 -1
450 271 -1 427 -1 0
