3
56
1735
955
6
253
475
301
411
492
670
0 -1 26
-1 0 32
26 32 0
0 460 288 -1 180 217
460 0 326 265 102 118
288 326 0 3 469 142
-1 265 3 0 44 -1
180 102 469 44 0 83
217 118 142 -1 83 0
