3
1093
1409
2672
6
220
263
91
949
351
55
0 11 41
11 0 45
41 45 0
0 289 235 359 91 191
289 0 462 420 199 369
235 462 0 -1 315 305
359 420 -1 0 -1 301
91 199 315 -1 0 312
191 369 305 301 312 0
