3
2986
1582
1484
6
570
559
47
625
381
841
0 42 88
42 0 93
88 93 0
0 110 443 292 433 56
110 0 39 358 271 60
443 39 0 259 497 -1
292 358 259 0 352 227
433 271 497 352 0 352
56 60 -1 227 352 0
