3
2341
1293
126
6
899
690
512
249
74
777
0 16 78
16 0 62
78 62 0
0 229 428 105 437 346
229 0 97 245 290 472
428 97 0 89 119 81
105 245 89 0 13 -1
437 290 119 13 0 -1
346 472 81 -1 -1 0
