3
1466
2645
2930
6
336
880
155
774
251
659
0 49 22
49 0 66
22 66 0
0 269 56 184 143 473
269 0 244 221 389 270
56 244 0 210 255 182
184 221 210 0 64 119
143 389 255 64 0 152
473 270 182 119 152 0
