3
966
1195
2035
6
759
852
732
248
868
247
0 82 72
82 0 69
72 69 0
0 32 11 326 139 189
32 0 149 124 497 293
11 149 0 217 226 9
326 124 217 0 -1 362
139 497 226 -1 0 -1
189 293 9 362 -1 0
