3
2865
790
1315
6
281
567
862
145
138
208
0 5 9
5 0 96
9 96 0
0 219 102 427 241 284
219 0 407 165 201 410
102 407 0 287 88 271
427 165 287 0 358 -1
241 201 88 358 0 304
284 410 271 -1 304 0
