3
2707
574
795
6
916
105
525
796
451
520
0 46 60
46 0 72
60 72 0
0 500 -1 91 335 65
500 0 413 64 79 47
-1 413 0 136 131 384
91 64 136 0 234 140
335 79 131 234 0 245
65 47 384 140 245 0
