3
1946
795
2927
6
991
801
202
578
463
965
0 96 20
96 0 -1
20 -1 0
0 104 -1 77 -1 332
104 0 341 371 203 329
-1 341 0 406 -1 467
77 371 406 0 46 26
-1 203 -1 46 0 335
332 329 467 26 335 0
