3
631
2333
108
6
214
113
160
325
487
277
0 69 1
69 0 30
1 30 0
0 121 399 199 122 396
121 0 47 65 200 198
399 47 0 454 119 193
199 65 454 0 457 342
122 200 119 457 0 153
396 198 193 342 153 0
