3
752
2270
2293
6
610
379
856
407
799
878
0 23 60
23 0 -1
60 -1 0
0 448 3 168 395 317
448 0 45 422 268 283
3 45 0 488 307 74
168 422 488 0 29 381
395 268 307 29 0 322
317 283 74 381 322 0
