3
1363
525
1708
6
909
127
712
25
119
138
0 65 22
65 0 11
22 11 0
0 409 441 59 168 408
409 0 269 34 434 436
441 269 0 162 158 124
59 34 162 0 445 143
168 434 158 445 0 -1
408 436 124 143 -1 0
