3
1465
982
2190
6
79
498
341
291
731
754
0 88 84
88 0 74
84 74 0
0 325 84 132 436 -1
325 0 157 288 73 480
84 157 0 121 198 306
132 288 121 0 142 462
436 73 198 142 0 213
-1 480 306 462 213 0
