3
2933
2808
881
6
704
206
81
622
833
446
0 10 21
10 0 74
21 74 0
0 -1 38 462 480 37
-1 0 -1 239 290 -1
38 -1 0 352 140 95
462 239 352 0 63 357
480 290 140 63 0 366
37 -1 95 357 366 0
