3
2445
1268
2670
6
320
355
819
510
100
183
0 29 14
29 0 2
14 2 0
0 -1 412 -1 231 78
-1 0 313 463 436 261
412 313 0 211 363 419
-1 463 211 0 476 253
231 436 363 476 0 281
78 261 419 253 281 0
