3
1045
1631
1898
6
49
368
286
696
630
204
0 13 28
13 0 22
28 22 0
0 120 269 182 130 394
120 0 469 44 352 160
269 469 0 166 464 192
182 44 166 0 459 158
130 352 464 459 0 223
394 160 192 158 223 0
