3
2257
954
2524
6
148
465
925
229
551
229
0 1 -1
1 0 88
-1 88 0
0 304 499 479 221 -1
304 0 41 185 11 200
499 41 0 108 72 312
479 185 108 0 26 177
221 11 72 26 0 174
-1 200 312 177 174 0
