3
1561
2111
2188
6
482
836
239
971
331
461
0 19 88
19 0 15
88 15 0
0 325 -1 154 41 473
325 0 390 482 309 193
-1 390 0 368 247 -1
154 482 368 0 408 409
41 309 247 408 0 90
473 193 -1 409 90 0
