3
1103
2407
2465
6
4
364
22
411
937
268
0 89 -1
89 0 1
-1 1 0
0 349 456 251 156 478
349 0 162 256 51 214
456 162 0 290 49 -1
251 256 290 0 458 480
156 51 49 458 0 2
478 214 -1 480 2 0
