3
2112
1281
981
6
123
745
817
568
25
426
0 97 40
97 0 15
40 15 0
0 51 359 487 458 475
51 0 13 176 432 -1
359 13 0 332 9 435
487 176 332 0 208 406
458 432 9 208 0 103
475 -1 435 406 103 0
