3
2990
1683
2750
6
698
380
386
383
226
552
0 41 29
41 0 100
29 100 0
0 193 145 -1 225 201
193 0 158 52 128 110
145 158 0 191 -1 398
-1 52 191 0 407 26
225 128 -1 407 0 168
201 110 398 26 168 0
