3
1092
2242
2870
6
98
731
55
957
772
731
0 94 87
94 0 32
87 32 0
0 62 205 102 44 78
62 0 17 238 291 318
205 17 0 461 94 96
102 238 461 0 -1 408
44 291 94 -1 0 347
78 318 96 408 347 0
