3
163
1909
2665
6
326
524
670
956
3
476
0 58 59
58 0 64
59 64 0
0 92 206 114 449 24
92 0 285 174 134 435
206 285 0 447 406 411
114 174 447 0 227 -1
449 134 406 227 0 311
24 435 411 -1 311 0
