3
2816
2410
980
6
550
837
750
917
313
718
0 92 23
92 0 -1
23 -1 0
0 -1 421 -1 128 50
-1 0 411 203 351 244
421 411 0 283 344 129
-1 203 283 0 258 139
128 351 344 258 0 207
50 244 129 139 207 0
