3
2647
2884
371
6
19
370
516
492
429
380
0 70 30
70 0 64
30 64 0
0 486 166 213 260 185
486 0 154 85 351 276
166 154 0 4 -1 -1
213 85 4 0 392 348
260 351 -1 392 0 102
185 276 -1 348 102 0
