3
189
2460
1244
6
948
511
691
423
167
766
0 66 94
66 0 58
94 58 0
0 214 302 345 447 345
214 0 195 181 471 203
302 195 0 -1 138 67
345 181 -1 0 56 -1
447 471 138 56 0 267
345 203 67 -1 267 0
