3
1668
2099
1561
6
997
777
796
918
293
724
0 50 46
50 0 -1
46 -1 0
0 33 -1 246 74 28
33 0 422 315 227 46
-1 422 0 387 287 364
246 315 387 0 107 425
74 227 287 107 0 318
28 46 364 425 318 0
