3
1886
82
2152
6
791
948
238
278
509
296
0 91 41
91 0 88
41 88 0
0 -1 64 -1 249 177
-1 0 449 99 14 155
64 449 0 273 77 215
-1 99 273 0 -1 402
249 14 77 -1 0 415
177 155 215 402 415 0
