3
2271
1658
2206
6
645
673
977
702
248
396
0 1 61
1 0 50
61 50 0
0 186 115 433 253 212
186 0 330 122 372 252
115 330 0 316 -1 43
433 122 316 0 -1 406
253 372 -1 -1 0 462
212 252 43 406 462 0
