3
1109
2674
2686
6
849
244
386
310
891
237
0 14 88
14 0 58
88 58 0
0 255 205 117 292 206
255 0 10 51 275 170
205 10 0 -1 114 94
117 51 -1 0 86 96
292 275 114 86 0 -1
206 170 94 96 -1 0
