3
2259
1436
977
6
269
746
419
413
887
588
0 49 53
49 0 11
53 11 0
0 490 163 286 500 137
490 0 304 1 317 271
163 304 0 457 171 48
286 1 457 0 40 328
500 317 171 40 0 172
137 271 48 328 172 0
