3
625
2996
1436
6
904
46
975
717
783
155
0 99 90
99 0 -1
90 -1 0
0 122 -1 346 140 236
122 0 498 218 30 51
-1 498 0 249 -1 78
346 218 249 0 289 350
140 30 -1 289 0 368
236 51 78 350 368 0
