3
2599
2043
174
6
753
436
552
383
768
222
0 19 26
19 0 9
26 9 0
0 92 122 166 102 14
92 0 349 491 391 305
122 349 0 373 430 220
166 491 373 0 -1 449
102 391 430 -1 0 440
14 305 220 449 440 0
