3
2280
1995
1720
6
925
933
870
719
626
990
0 15 32
15 0 59
32 59 0
0 444 270 65 476 302
444 0 117 51 11 321
270 117 0 377 275 391
65 51 377 0 10 230
476 11 275 10 0 398
302 321 391 230 398 0
