3
2634
833
2278
6
338
472
758
658
359
998
0 -1 75
-1 0 29
75 29 0
0 40 129 495 344 163
40 0 309 66 75 26
129 309 0 104 11 357
495 66 104 0 425 155
344 75 11 425 0 485
163 26 357 155 485 0
