3
1141
1593
1947
6
213
455
77
818
193
894
0 99 88
99 0 88
88 88 0
0 -1 389 274 193 268
-1 0 61 185 225 490
389 61 0 250 85 490
274 185 250 0 449 91
193 225 85 449 0 202
268 490 490 91 202 0
