3
745
1406
2170
6
267
755
910
202
300
666
0 42 22
42 0 58
22 58 0
0 70 150 386 274 -1
70 0 273 190 224 413
150 273 0 14 361 429
386 190 14 0 438 161
274 224 361 438 0 223
-1 413 429 161 223 0
