3
1141
1758
1866
6
947
211
283
478
450
38
0 95 81
95 0 85
81 85 0
0 -1 -1 154 382 335
-1 0 400 79 416 399
-1 400 0 397 214 174
154 79 397 0 332 276
382 416 214 332 0 56
335 399 174 276 56 0
