3
2872
2725
2965
6
867
942
360
543
654
6
0 47 4
47 0 -1
4 -1 0
0 431 -1 84 119 11
431 0 458 310 33 -1
-1 458 0 363 324 89
84 310 363 0 467 324
119 33 324 467 0 237
11 -1 89 324 237 0
