3
1394
2443
2922
6
20
527
23
104
488
287
0 65 49
65 0 44
49 44 0
0 447 42 166 227 193
447 0 212 72 -1 161
42 212 0 268 -1 232
166 72 268 0 -1 111
227 -1 -1 -1 0 117
193 161 232 111 117 0
