3
2077
1151
1210
6
713
202
273
268
218
585
0 37 73
37 0 26
73 26 0
0 498 415 354 474 -1
498 0 481 396 484 354
415 481 0 183 149 303
354 396 183 0 212 373
474 484 149 212 0 -1
-1 354 303 373 -1 0
