3
2467
2409
1961
6
242
947
598
240
578
659
0 7 57
7 0 -1
57 -1 0
0 455 25 198 108 208
455 0 272 306 -1 485
25 272 0 -1 153 478
198 306 -1 0 241 19
108 -1 153 241 0 175
208 485 478 19 175 0
