3
1305
1005
2942
6
793
347
184
166
363
189
0 19 -1
19 0 7
-1 7 0
0 45 456 -1 123 184
45 0 365 389 316 -1
456 365 0 347 482 464
-1 389 347 0 301 163
123 316 482 301 0 -1
184 -1 464 163 -1 0
