3
1659
342
1615
6
584
855
408
80
752
545
0 14 54
14 0 83
54 83 0
0 316 276 230 383 283
316 0 414 -1 331 12
276 414 0 242 477 82
230 -1 242 0 209 243
383 331 477 209 0 -1
283 12 82 243 -1 0
