3
1581
1423
2398
6
260
396
488
314
165
680
0 37 82
37 0 -1
82 -1 0
0 -1 97 298 295 270
-1 0 99 -1 16 130
97 99 0 424 491 210
298 -1 424 0 330 385
295 16 491 330 0 -1
270 130 210 385 -1 0
