3
541
1031
999
6
340
471
117
38
731
73
0 -1 33
-1 0 32
33 32 0
0 206 442 70 458 32
206 0 108 328 398 177
442 108 0 115 461 385
70 328 115 0 366 482
458 398 461 366 0 184
32 177 385 482 184 0
