3
1721
1193
2359
6
381
527
539
249
749
863
0 35 39
35 0 48
39 48 0
0 151 360 256 -1 422
151 0 426 51 208 358
360 426 0 91 115 393
256 51 91 0 65 -1
-1 208 115 65 0 55
422 358 393 -1 55 0
