3
1780
492
304
6
394
164
87
246
42
541
0 57 44
57 0 72
44 72 0
0 158 121 25 67 462
158 0 247 491 341 449
121 247 0 -1 7 138
25 491 -1 0 487 14
67 341 7 487 0 44
462 449 138 14 44 0
