3
2293
2336
2916
6
234
855
222
226
429
561
0 -1 60
-1 0 33
60 33 0
0 278 -1 271 316 369
278 0 -1 273 293 -1
-1 -1 0 352 237 261
271 273 352 0 126 217
316 293 237 126 0 220
369 -1 261 217 220 0
