3
462
219
2318
6
200
177
587
546
682
322
0 -1 59
-1 0 39
59 39 0
0 262 -1 261 2 445
262 0 -1 471 447 170
-1 -1 0 86 378 262
261 471 86 0 353 361
2 447 378 353 0 232
445 170 262 361 232 0
