3
2912
491
2520
6
887
707
871
480
636
35
0 -1 65
-1 0 51
65 51 0
0 69 71 319 23 468
69 0 52 82 268 -1
71 52 0 323 280 478
319 82 323 0 93 57
23 268 280 93 0 122
468 -1 478 57 122 0
