3
2211
492
2729
6
509
912
291
342
930
753
0 64 -1
64 0 -1
-1 -1 0
0 287 330 347 3 177
287 0 207 252 292 -1
330 207 0 219 -1 481
347 252 219 0 407 450
3 292 -1 407 0 234
177 -1 481 450 234 0
