3
2449
2204
2980
6
880
98
875
533
382
785
0 59 80
59 0 35
80 35 0
0 233 25 222 111 189
233 0 263 151 96 333
25 263 0 245 390 445
222 151 245 0 -1 155
111 96 390 -1 0 346
189 333 445 155 346 0
