3
758
693
1495
6
557
67
352
788
135
11
0 56 1
56 0 41
1 41 0
0 478 462 116 185 40
478 0 418 408 126 -1
462 418 0 385 360 263
116 408 385 0 199 268
185 126 360 199 0 171
40 -1 263 268 171 0
