3
2018
2299
2815
6
278
689
153
835
601
241
0 93 40
93 0 81
40 81 0
0 -1 64 444 173 345
-1 0 -1 -1 51 315
64 -1 0 340 81 243
444 -1 340 0 367 495
173 51 81 367 0 214
345 315 243 495 214 0
