3
2914
2797
2968
6
673
561
686
311
659
124
0 77 -1
77 0 -1
-1 -1 0
0 47 -1 -1 82 93
47 0 146 143 144 485
-1 146 0 49 254 257
-1 143 49 0 33 278
82 144 254 33 0 212
93 485 257 278 212 0
