3
2889
1145
1417
6
209
189
816
340
118
897
0 82 12
82 0 73
12 73 0
0 14 144 67 217 81
14 0 368 358 236 69
144 368 0 3 203 49
67 358 3 0 90 224
217 236 203 90 0 277
81 69 49 224 277 0
