3
1800
2325
2096
6
937
180
338
208
958
925
0 98 44
98 0 77
44 77 0
0 216 487 6 139 164
216 0 -1 367 13 383
487 -1 0 356 460 161
6 367 356 0 335 112
139 13 460 335 0 107
164 383 161 112 107 0
