3
428
1307
1682
6
466
349
901
245
13
90
0 82 44
82 0 58
44 58 0
0 82 371 237 229 448
82 0 175 111 370 131
371 175 0 -1 -1 136
237 111 -1 0 242 181
229 370 -1 242 0 421
448 131 136 181 421 0
