3
2224
1124
555
6
21
900
338
752
412
241
0 95 62
95 0 14
62 14 0
0 94 -1 326 300 92
94 0 36 234 395 472
-1 36 0 128 454 206
326 234 128 0 180 359
300 395 454 180 0 470
92 472 206 359 470 0
