3
2811
1750
1438
6
786
376
221
992
427
694
0 45 73
45 0 30
73 30 0
0 -1 182 364 98 314
-1 0 33 34 -1 -1
182 33 0 315 262 277
364 34 315 0 243 250
98 -1 262 243 0 366
314 -1 277 250 366 0
