3
930
2890
1162
6
404
136
547
378
82
942
0 3 75
3 0 71
75 71 0
0 445 123 -1 25 496
445 0 28 3 205 445
123 28 0 109 93 225
-1 3 109 0 355 463
25 205 93 355 0 442
496 445 225 463 442 0
