3
1570
152
775
6
297
644
152
318
100
816
0 -1 2
-1 0 83
2 83 0
0 243 350 -1 391 152
243 0 325 -1 305 310
350 325 0 137 31 93
-1 -1 137 0 351 15
391 305 31 351 0 445
152 310 93 15 445 0
