3
2936
2979
2144
6
26
920
168
422
235
424
0 34 82
34 0 99
82 99 0
0 59 -1 59 180 484
59 0 421 -1 494 459
-1 421 0 301 137 417
59 -1 301 0 195 -1
180 494 137 195 0 422
484 459 417 -1 422 0
