3
1294
2841
1385
6
924
392
991
613
509
756
0 19 11
19 0 80
11 80 0
0 491 282 47 287 57
491 0 412 76 269 362
282 412 0 147 199 -1
47 76 147 0 204 24
287 269 199 204 0 291
57 362 -1 24 291 0
