3
698
1198
1539
6
59
568
986
119
82
375
0 83 83
83 0 50
83 50 0
0 329 203 192 465 420
329 0 493 479 238 312
203 493 0 88 387 179
192 479 88 0 9 456
465 238 387 9 0 381
420 312 179 456 381 0
