3
137
2163
2081
6
469
514
698
650
186
988
0 81 57
81 0 -1
57 -1 0
0 172 349 31 494 48
172 0 -1 286 187 409
349 -1 0 -1 401 84
31 286 -1 0 222 344
494 187 401 222 0 381
48 409 84 344 381 0
