3
1916
2040
899
6
563
437
644
461
537
782
0 72 97
72 0 17
97 17 0
0 450 226 278 197 490
450 0 101 -1 340 39
226 101 0 -1 -1 178
278 -1 -1 0 473 290
197 340 -1 473 0 174
490 39 178 290 174 0
