3
2636
163
2845
6
85
676
540
822
57
756
0 22 -1
22 0 52
-1 52 0
0 87 282 362 18 396
87 0 -1 92 68 418
282 -1 0 424 280 20
362 92 424 0 251 206
18 68 280 251 0 397
396 418 20 206 397 0
