3
707
1949
535
6
107
560
774
59
490
283
0 86 21
86 0 80
21 80 0
0 470 471 175 372 58
470 0 126 -1 44 -1
471 126 0 423 348 108
175 -1 423 0 -1 471
372 44 348 -1 0 74
58 -1 108 471 74 0
