3
2859
2086
2811
6
155
362
610
574
905
302
0 47 68
47 0 9
68 9 0
0 41 11 244 400 498
41 0 69 169 238 213
11 69 0 202 51 249
244 169 202 0 230 177
400 238 51 230 0 2
498 213 249 177 2 0
