3
1953
994
133
6
558
404
249
576
213
915
0 73 44
73 0 16
44 16 0
0 124 223 431 79 371
124 0 82 478 29 94
223 82 0 121 19 179
431 478 121 0 326 237
79 29 19 326 0 336
371 94 179 237 336 0
