3
1465
2119
1687
6
69
781
915
858
762
971
0 84 87
84 0 92
87 92 0
0 448 393 169 78 -1
448 0 203 265 79 282
393 203 0 234 143 50
169 265 234 0 -1 464
78 79 143 -1 0 133
-1 282 50 464 133 0
