3
2274
114
1991
6
852
206
217
931
430
97
0 71 52
71 0 48
52 48 0
0 46 44 -1 64 117
46 0 343 32 208 294
44 343 0 342 231 -1
-1 32 342 0 237 351
64 208 231 237 0 476
117 294 -1 351 476 0
