3
382
650
2437
6
123
741
150
657
332
817
0 31 -1
31 0 1
-1 1 0
0 412 431 25 493 176
412 0 258 466 109 397
431 258 0 294 29 -1
25 466 294 0 201 90
493 109 29 201 0 79
176 397 -1 90 79 0
