4
1697
1057
1927
2738
8
63
811
607
988
453
740
156
229
0 -1 37 91
-1 0 60 68
37 60 0 64
91 68 64 0
0 28 491 -1 375 366 483 128
28 0 8 114 115 -1 -1 402
491 8 0 46 -1 179 245 3
-1 114 46 0 -1 15 69 236
375 115 -1 -1 0 59 -1 444
366 -1 179 15 59 0 417 294
483 -1 245 69 -1 417 0 40
128 402 3 236 444 294 40 0
