4
2596
1776
2771
1686
8
155
578
613
107
98
60
566
508
0 -1 -1 36
-1 0 29 83
-1 29 0 -1
36 83 -1 0
0 5 -1 11 158 241 -1 247
5 0 371 6 151 112 436 194
-1 371 0 339 -1 -1 -1 189
11 6 339 0 24 457 412 150
158 151 -1 24 0 401 357 361
241 112 -1 457 401 0 -1 160
-1 436 -1 412 357 -1 0 324
247 194 189 150 361 160 324 0
