4
896
1950
922
1578
8
664
949
125
548
541
832
384
167
0 -1 -1 42
-1 0 29 84
-1 29 0 38
42 84 38 0
0 471 -1 348 214 455 37 477
471 0 287 77 -1 99 5 144
-1 287 0 481 286 257 355 404
348 77 481 0 -1 22 12 448
214 -1 286 -1 0 336 287 473
455 99 257 22 336 0 396 70
37 5 355 12 287 396 0 342
477 144 404 448 473 70 342 0
