3
1724
2818
1091
6
863
296
28
951
936
410
0 2 51
2 0 66
51 66 0
0 -1 481 372 -1 254
-1 0 497 214 262 -1
481 497 0 455 69 82
372 214 455 0 293 251
-1 262 69 293 0 104
254 -1 82 251 104 0
