3
1358
1849
2701
6
188
835
818
948
213
452
0 19 22
19 0 10
22 10 0
0 20 337 -1 -1 143
20 0 140 152 109 238
337 140 0 21 91 45
-1 152 21 0 479 111
-1 109 91 479 0 373
143 238 45 111 373 0
