4
305
1081
2726
1165
8
138
938
426
324
100
302
969
426
0 77 -1 14
77 0 -1 5
-1 -1 0 48
14 5 48 0
0 3 350 184 412 134 184 399
3 0 492 443 174 15 -1 109
350 492 0 409 97 64 331 427
184 443 409 0 48 182 227 361
412 174 97 48 0 414 188 415
134 15 64 182 414 0 414 416
184 -1 331 227 188 414 0 490
399 109 427 361 415 416 490 0
