4
1143
2009
1278
1482
8
558
455
818
373
77
34
817
686
0 -1 28 87
-1 0 85 4
28 85 0 70
87 4 70 0
0 -1 486 336 90 -1 411 102
-1 0 -1 161 296 441 472 485
486 -1 0 -1 350 168 457 -1
336 161 -1 0 396 366 452 482
90 296 350 396 0 89 95 102
-1 441 168 366 89 0 196 355
411 472 457 452 95 196 0 207
102 485 -1 482 102 355 207 0
