4
1871
967
1784
2849
8
322
620
61
213
795
72
898
928
0 81 -1 33
81 0 38 23
-1 38 0 60
33 23 60 0
0 498 433 212 37 49 205 121
498 0 68 -1 366 -1 -1 169
433 68 0 455 419 193 355 395
212 -1 455 0 408 -1 -1 -1
37 366 419 408 0 108 -1 -1
49 -1 193 -1 108 0 140 -1
205 -1 355 -1 -1 140 0 -1
121 169 395 -1 -1 -1 -1 0
