4
2514
1534
746
2602
8
281
462
603
452
32
359
351
777
0 17 -1 3
17 0 86 9
-1 86 0 10
3 9 10 0
0 -1 -1 379 -1 7 144 -1
-1 0 352 65 150 111 311 5
-1 352 0 159 -1 205 494 102
379 65 159 0 34 231 -1 183
-1 150 -1 34 0 415 159 -1
7 111 205 231 415 0 311 38
144 311 494 -1 159 311 0 -1
-1 5 102 183 -1 38 -1 0
