4
2460
1591
2132
2633
8
92
820
272
429
559
51
934
143
0 -1 45 -1
-1 0 99 76
45 99 0 2
-1 76 2 0
0 356 32 462 248 107 248 287
356 0 307 375 242 280 233 437
32 307 0 88 223 79 -1 385
462 375 88 0 376 179 321 474
248 242 223 376 0 216 93 237
107 280 79 179 216 0 179 482
248 233 -1 321 93 179 0 313
287 437 385 474 237 482 313 0
