4
726
448
1284
2542
8
75
690
968
936
192
148
9
333
0 -1 22 55
-1 0 -1 -1
22 -1 0 81
55 -1 81 0
0 361 -1 -1 279 26 359 291
361 0 153 475 262 470 298 147
-1 153 0 278 -1 116 113 -1
-1 475 278 0 -1 181 -1 -1
279 262 -1 -1 0 198 440 141
26 470 116 181 198 0 218 229
359 298 113 -1 440 218 0 357
291 147 -1 -1 141 229 357 0
