4
616
2970
2015
1093
8
331
689
467
400
86
871
822
115
0 17 51 74
17 0 43 -1
51 43 0 47
74 -1 47 0
0 228 167 -1 447 168 428 37
228 0 390 -1 -1 154 206 -1
167 390 0 -1 87 150 161 427
-1 -1 -1 0 418 52 -1 -1
447 -1 87 418 0 334 -1 79
168 154 150 52 334 0 22 491
428 206 161 -1 -1 22 0 -1
37 -1 427 -1 79 491 -1 0
