4
2088
2560
1934
488
8
630
20
753
715
463
645
598
629
0 11 4 62
11 0 39 4
4 39 0 23
62 4 23 0
0 22 400 426 210 15 -1 -1
22 0 178 35 468 83 323 247
400 178 0 268 428 37 -1 -1
426 35 268 0 -1 -1 251 298
210 468 428 -1 0 405 462 -1
15 83 37 -1 405 0 218 381
-1 323 -1 251 462 218 0 438
-1 247 -1 298 -1 381 438 0
