4
2602
2948
567
1636
8
983
571
584
483
990
523
411
621
0 -1 77 37
-1 0 74 100
77 74 0 -1
37 100 -1 0
0 270 372 93 4 222 445 432
270 0 296 393 327 73 222 -1
372 296 0 387 490 12 202 479
93 393 387 0 312 174 52 208
4 327 490 312 0 231 10 284
222 73 12 174 231 0 335 495
445 222 202 52 10 335 0 119
432 -1 479 208 284 495 119 0
