4
237
2288
150
2667
8
65
317
91
412
277
20
79
707
0 80 4 71
80 0 93 25
4 93 0 8
71 25 8 0
0 287 5 31 177 237 124 -1
287 0 488 456 191 291 433 304
5 488 0 12 486 464 451 228
31 456 12 0 75 262 151 210
177 191 486 75 0 168 53 -1
237 291 464 262 168 0 -1 257
124 433 451 151 53 -1 0 132
-1 304 228 210 -1 257 132 0
