4
738
1673
2927
2029
8
193
917
924
307
978
4
980
51
0 11 50 -1
11 0 93 15
50 93 0 65
-1 15 65 0
0 242 117 348 9 356 53 -1
242 0 329 -1 449 186 -1 -1
117 329 0 135 120 94 312 492
348 -1 135 0 -1 159 413 303
9 449 120 -1 0 470 393 -1
356 186 94 159 470 0 344 51
53 -1 312 413 393 344 0 385
-1 -1 492 303 -1 51 385 0
