4
582
1766
625
1650
8
169
520
566
208
413
622
296
813
0 7 -1 33
7 0 13 62
-1 13 0 64
33 62 64 0
0 133 47 394 -1 188 150 26
133 0 319 216 457 193 -1 113
47 319 0 -1 214 254 -1 202
394 216 -1 0 -1 420 57 215
-1 457 214 -1 0 276 70 170
188 193 254 420 276 0 -1 95
150 -1 -1 57 70 -1 0 435
26 113 202 215 170 95 435 0
