4
1375
633
2730
1135
8
614
411
455
1000
663
265
338
647
0 91 6 7
91 0 9 78
6 9 0 38
7 78 38 0
0 -1 344 457 199 484 185 352
-1 0 83 197 475 81 -1 351
344 83 0 7 308 255 365 167
457 197 7 0 35 308 93 82
199 475 308 35 0 427 344 397
484 81 255 308 427 0 452 345
185 -1 365 93 344 452 0 -1
352 351 167 82 397 345 -1 0
