3
2179
2290
726
6
558
580
373
805
508
694
0 48 75
48 0 85
75 85 0
0 136 289 28 128 269
136 0 350 172 153 100
289 350 0 338 306 127
28 172 338 0 388 -1
128 153 306 388 0 480
269 100 127 -1 480 0
