3
1246
758
1523
6
224
60
948
674
533
591
0 8 27
8 0 57
27 57 0
0 -1 -1 79 233 -1
-1 0 325 415 293 143
-1 325 0 112 268 152
79 415 112 0 397 94
233 293 268 397 0 373
-1 143 152 94 373 0
