3
1576
2437
2011
6
947
335
900
22
237
808
0 93 87
93 0 71
87 71 0
0 183 138 189 27 225
183 0 42 304 470 196
138 42 0 463 181 429
189 304 463 0 63 493
27 470 181 63 0 273
225 196 429 493 273 0
