4
2779
2452
143
347
8
829
21
269
999
10
642
785
372
0 19 -1 89
19 0 28 69
-1 28 0 3
89 69 3 0
0 -1 262 252 -1 283 402 6
-1 0 444 388 444 346 13 -1
262 444 0 114 8 140 376 49
252 388 114 0 -1 176 311 413
-1 444 8 -1 0 282 351 88
283 346 140 176 282 0 480 217
402 13 376 311 351 480 0 195
6 -1 49 413 88 217 195 0
