4
1835
960
1013
938
8
239
282
160
563
705
431
332
157
0 68 39 100
68 0 39 27
39 39 0 75
100 27 75 0
0 -1 -1 364 48 406 200 -1
-1 0 -1 -1 413 84 73 -1
-1 -1 0 322 150 132 -1 -1
364 -1 322 0 -1 63 413 -1
48 413 150 -1 0 41 378 -1
406 84 132 63 41 0 -1 423
200 73 -1 413 378 -1 0 135
-1 -1 -1 -1 -1 423 135 0
