4
241
2324
1536
2995
8
293
505
27
737
558
938
537
799
0 71 -1 61
71 0 85 16
-1 85 0 85
61 16 85 0
0 404 -1 317 215 407 414 204
404 0 -1 418 -1 -1 227 -1
-1 -1 0 239 321 493 409 426
317 418 239 0 143 -1 78 373
215 -1 321 143 0 -1 227 -1
407 -1 493 -1 -1 0 183 -1
414 227 409 78 227 183 0 4
204 -1 426 373 -1 -1 4 0
