4
1940
2631
384
1837
8
685
333
983
870
515
67
225
342
0 36 14 20
36 0 18 29
14 18 0 91
20 29 91 0
0 494 79 63 59 264 150 -1
494 0 -1 -1 -1 81 9 6
79 -1 0 495 -1 67 -1 392
63 -1 495 0 182 79 -1 -1
59 -1 -1 182 0 149 325 -1
264 81 67 79 149 0 391 55
150 9 -1 -1 325 391 0 18
-1 6 392 -1 -1 55 18 0
