4
2516
982
2537
753
8
963
547
371
783
74
60
635
799
0 30 47 37
30 0 54 -1
47 54 0 11
37 -1 11 0
0 243 453 215 -1 177 15 211
243 0 100 432 395 405 366 112
453 100 0 14 147 137 235 140
215 432 14 0 498 -1 -1 456
-1 395 147 498 0 302 51 374
177 405 137 -1 302 0 177 -1
15 366 235 -1 51 177 0 -1
211 112 140 456 374 -1 -1 0
