4
2422
2429
130
2411
8
629
435
453
65
754
433
324
288
0 100 38 82
100 0 89 66
38 89 0 75
82 66 75 0
0 192 198 337 224 219 466 304
192 0 102 -1 473 -1 77 372
198 102 0 218 224 139 263 129
337 -1 218 0 -1 404 -1 165
224 473 224 -1 0 -1 314 382
219 -1 139 404 -1 0 383 140
466 77 263 -1 314 383 0 187
304 372 129 165 382 140 187 0
