3
2440
478
2126
6
863
639
104
312
513
718
0 90 71
90 0 33
71 33 0
0 118 67 161 138 281
118 0 38 -1 66 170
67 38 0 257 295 451
161 -1 257 0 -1 95
138 66 295 -1 0 209
281 170 451 95 209 0
