4
2106
904
1873
1191
8
965
948
85
550
668
599
449
452
0 48 58 11
48 0 54 -1
58 54 0 55
11 -1 55 0
0 374 153 203 255 293 204 494
374 0 -1 -1 324 323 124 56
153 -1 0 -1 412 340 320 396
203 -1 -1 0 218 -1 56 242
255 324 412 218 0 162 207 295
293 323 340 -1 162 0 147 92
204 124 320 56 207 147 0 276
494 56 396 242 295 92 276 0
