3
872
2660
1175
6
381
72
673
876
335
871
0 5 18
5 0 47
18 47 0
0 462 63 115 353 27
462 0 298 54 405 161
63 298 0 96 28 -1
115 54 96 0 256 177
353 405 28 256 0 392
27 161 -1 177 392 0
