4
2027
2706
1062
2282
8
943
928
542
325
796
708
641
513
0 2 24 60
2 0 87 10
24 87 0 89
60 10 89 0
0 133 481 -1 58 136 -1 458
133 0 78 23 -1 500 -1 233
481 78 0 292 496 369 193 200
-1 23 292 0 114 227 417 258
58 -1 496 114 0 417 452 28
136 500 369 227 417 0 147 475
-1 -1 193 417 452 147 0 213
458 233 200 258 28 475 213 0
