3
883
793
2141
6
494
278
19
539
971
771
0 61 82
61 0 66
82 66 0
0 238 3 434 42 -1
238 0 73 355 411 119
3 73 0 -1 225 373
434 355 -1 0 190 345
42 411 225 190 0 498
-1 119 373 345 498 0
