4
1992
2042
2471
2516
8
971
506
179
339
779
495
294
764
0 57 22 -1
57 0 94 91
22 94 0 53
-1 91 53 0
0 -1 248 -1 75 193 331 193
-1 0 372 -1 111 15 27 -1
248 372 0 -1 289 189 275 17
-1 -1 -1 0 194 142 317 -1
75 111 289 194 0 120 280 174
193 15 189 142 120 0 209 132
331 27 275 317 280 209 0 133
193 -1 17 -1 174 132 133 0
