4
2067
2906
2569
215
8
511
400
361
415
754
504
667
395
0 85 75 11
85 0 10 44
75 10 0 41
11 44 41 0
0 498 305 36 -1 124 79 14
498 0 478 267 359 409 77 413
305 478 0 -1 -1 232 -1 -1
36 267 -1 0 -1 114 200 -1
-1 359 -1 -1 0 481 -1 323
124 409 232 114 481 0 56 75
79 77 -1 200 -1 56 0 -1
14 413 -1 -1 323 75 -1 0
