3
2677
2741
546
6
105
383
892
806
907
291
0 47 22
47 0 5
22 5 0
0 110 446 113 249 309
110 0 60 118 306 467
446 60 0 54 27 285
113 118 54 0 59 263
249 306 27 59 0 -1
309 467 285 263 -1 0
