4
203
2704
267
2329
8
555
227
361
708
739
85
476
302
0 45 -1 96
45 0 5 76
-1 5 0 83
96 76 83 0
0 119 282 -1 420 77 236 124
119 0 358 226 196 206 -1 64
282 358 0 404 160 85 453 -1
-1 226 404 0 143 369 386 -1
420 196 160 143 0 313 150 -1
77 206 85 369 313 0 178 162
236 -1 453 386 150 178 0 277
124 64 -1 -1 -1 162 277 0
