4
1496
978
1731
2089
8
58
415
436
473
57
321
602
406
0 100 12 9
100 0 75 82
12 75 0 63
9 82 63 0
0 27 42 343 19 131 279 66
27 0 153 461 469 92 204 304
42 153 0 190 88 462 -1 126
343 461 190 0 135 76 447 481
19 469 88 135 0 412 -1 120
131 92 462 76 412 0 419 322
279 204 -1 447 -1 419 0 305
66 304 126 481 120 322 305 0
