4
2224
1567
67
2103
8
917
604
963
314
263
965
93
965
0 16 31 22
16 0 50 11
31 50 0 93
22 11 93 0
0 302 316 112 390 -1 287 3
302 0 94 165 118 -1 271 158
316 94 0 331 156 482 123 136
112 165 331 0 87 261 333 121
390 118 156 87 0 473 198 57
-1 -1 482 261 473 0 132 126
287 271 123 333 198 132 0 166
3 158 136 121 57 126 166 0
