3
1069
1971
2818
6
738
936
834
367
146
26
0 43 89
43 0 7
89 7 0
0 -1 340 366 31 271
-1 0 490 492 281 -1
340 490 0 230 257 81
366 492 230 0 356 367
31 281 257 356 0 256
271 -1 81 367 256 0
