3
2733
2493
176
6
493
518
880
847
86
664
0 33 -1
33 0 53
-1 53 0
0 120 55 115 368 355
120 0 99 366 -1 206
55 99 0 178 311 382
115 366 178 0 264 441
368 -1 311 264 0 44
355 206 382 441 44 0
