4
374
984
1537
1923
8
1
446
141
205
717
915
573
420
0 10 22 86
10 0 95 71
22 95 0 -1
86 71 -1 0
0 376 132 45 250 -1 319 -1
376 0 367 107 368 -1 315 261
132 367 0 282 34 395 330 188
45 107 282 0 -1 -1 48 316
250 368 34 -1 0 91 27 306
-1 -1 395 -1 91 0 -1 -1
319 315 330 48 27 -1 0 219
-1 261 188 316 306 -1 219 0
