4
2964
1996
1203
431
8
210
180
278
1
68
319
208
836
0 46 80 74
46 0 55 11
80 55 0 14
74 11 14 0
0 -1 -1 44 107 88 376 404
-1 0 350 150 334 2 402 308
-1 350 0 202 214 -1 239 167
44 150 202 0 455 496 487 176
107 334 214 455 0 73 482 183
88 2 -1 496 73 0 131 492
376 402 239 487 482 131 0 359
404 308 167 176 183 492 359 0
