3
353
1707
2418
6
441
153
946
397
445
769
0 58 19
58 0 76
19 76 0
0 431 466 -1 347 -1
431 0 498 92 491 261
466 498 0 347 280 243
-1 92 347 0 213 -1
347 491 280 213 0 272
-1 261 243 -1 272 0
