4
1703
2031
110
1075
8
142
392
58
310
843
985
650
160
0 66 79 43
66 0 81 40
79 81 0 30
43 40 30 0
0 64 -1 325 71 -1 -1 433
64 0 449 126 136 -1 490 208
-1 449 0 52 282 263 390 -1
325 126 52 0 239 231 486 18
71 136 282 239 0 246 423 163
-1 -1 263 231 246 0 -1 -1
-1 490 390 486 423 -1 0 284
433 208 -1 18 163 -1 284 0
