4
2435
2910
2402
699
8
59
916
239
203
472
442
943
88
0 100 82 88
100 0 92 67
82 92 0 40
88 67 40 0
0 -1 365 395 -1 155 29 216
-1 0 456 74 182 -1 -1 -1
365 456 0 201 461 21 382 325
395 74 201 0 48 -1 97 314
-1 182 461 48 0 -1 -1 165
155 -1 21 -1 -1 0 -1 457
29 -1 382 97 -1 -1 0 368
216 -1 325 314 165 457 368 0
