3
923
971
1377
6
720
942
97
393
322
238
0 46 66
46 0 50
66 50 0
0 71 -1 475 303 187
71 0 50 383 450 106
-1 50 0 198 495 494
475 383 198 0 20 33
303 450 495 20 0 189
187 106 494 33 189 0
