4
1109
1250
1672
770
8
985
192
943
812
88
329
19
365
0 12 24 -1
12 0 59 74
24 59 0 91
-1 74 91 0
0 221 -1 -1 -1 131 176 332
221 0 338 198 353 425 279 -1
-1 338 0 272 -1 433 141 -1
-1 198 272 0 283 262 175 -1
-1 353 -1 283 0 -1 270 76
131 425 433 262 -1 0 500 313
176 279 141 175 270 500 0 58
332 -1 -1 -1 76 313 58 0
