4
1750
2584
1248
974
8
329
944
142
87
753
811
631
439
0 74 95 60
74 0 41 83
95 41 0 70
60 83 70 0
0 354 1 480 337 383 221 188
354 0 30 -1 305 -1 321 77
1 30 0 -1 233 67 318 333
480 -1 -1 0 10 -1 400 -1
337 305 233 10 0 423 471 117
383 -1 67 -1 423 0 166 -1
221 321 318 400 471 166 0 -1
188 77 333 -1 117 -1 -1 0
