3
2551
2253
601
6
830
18
760
576
183
854
0 36 89
36 0 10
89 10 0
0 305 490 141 330 309
305 0 18 189 495 478
490 18 0 370 135 415
141 189 370 0 125 144
330 495 135 125 0 26
309 478 415 144 26 0
