4
2344
26
634
1358
8
44
349
13
201
632
967
446
562
0 18 36 30
18 0 -1 20
36 -1 0 15
30 20 15 0
0 360 -1 37 73 -1 140 394
360 0 293 167 178 416 440 -1
-1 293 0 396 56 491 139 322
37 167 396 0 -1 326 -1 -1
73 178 56 -1 0 54 347 48
-1 416 491 326 54 0 -1 154
140 440 139 -1 347 -1 0 -1
394 -1 322 -1 48 154 -1 0
