4
2949
314
1604
1135
8
999
366
625
701
438
464
2
196
0 10 51 29
10 0 20 73
51 20 0 62
29 73 62 0
0 313 195 25 406 488 366 300
313 0 245 354 292 -1 -1 168
195 245 0 20 112 204 76 59
25 354 20 0 125 457 40 -1
406 292 112 125 0 -1 182 120
488 -1 204 457 -1 0 -1 2
366 -1 76 40 182 -1 0 266
300 168 59 -1 120 2 266 0
