4
1534
185
2903
2366
8
147
693
829
393
118
235
43
947
0 89 22 68
89 0 -1 38
22 -1 0 8
68 38 8 0
0 -1 106 155 284 -1 -1 449
-1 0 441 266 -1 2 -1 356
106 441 0 399 174 406 346 83
155 266 399 0 457 -1 -1 453
284 -1 174 457 0 143 377 335
-1 2 406 -1 143 0 34 438
-1 -1 346 -1 377 34 0 -1
449 356 83 453 335 438 -1 0
