4
1035
884
929
187
8
285
328
70
40
166
169
301
642
0 39 59 -1
39 0 83 56
59 83 0 1
-1 56 1 0
0 -1 445 210 -1 412 -1 482
-1 0 103 1 -1 435 57 67
445 103 0 493 136 152 422 145
210 1 493 0 192 -1 19 25
-1 -1 136 192 0 -1 400 281
412 435 152 -1 -1 0 462 117
-1 57 422 19 400 462 0 331
482 67 145 25 281 117 331 0
