4
2027
897
2265
1497
8
354
229
39
269
454
686
742
972
0 50 22 -1
50 0 2 21
22 2 0 63
-1 21 63 0
0 225 161 -1 116 449 416 -1
225 0 37 310 192 401 79 -1
161 37 0 357 196 348 431 7
-1 310 357 0 263 195 498 91
116 192 196 263 0 408 267 386
449 401 348 195 408 0 353 -1
416 79 431 498 267 353 0 -1
-1 -1 7 91 386 -1 -1 0
