3
640
1694
1681
6
597
887
307
78
302
569
0 38 82
38 0 66
82 66 0
0 197 212 321 192 -1
197 0 431 253 152 169
212 431 0 305 -1 -1
321 253 305 0 88 79
192 152 -1 88 0 247
-1 169 -1 79 247 0
