4
2047
456
1060
1156
8
178
265
365
560
752
944
433
895
0 35 78 62
35 0 55 66
78 55 0 52
62 66 52 0
0 493 157 -1 273 301 1 358
493 0 443 44 130 -1 29 428
157 443 0 197 -1 -1 -1 479
-1 44 197 0 56 497 -1 187
273 130 -1 56 0 366 432 131
301 -1 -1 497 366 0 297 -1
1 29 -1 -1 432 297 0 215
358 428 479 187 131 -1 215 0
