4
2000
2875
777
1111
8
466
587
777
754
359
945
692
424
0 87 78 61
87 0 62 30
78 62 0 19
61 30 19 0
0 305 -1 -1 35 453 400 380
305 0 -1 468 76 293 163 112
-1 -1 0 -1 -1 91 -1 -1
-1 468 -1 0 -1 189 -1 405
35 76 -1 -1 0 453 452 327
453 293 91 189 453 0 223 216
400 163 -1 -1 452 223 0 372
380 112 -1 405 327 216 372 0
