3
26
1564
2619
6
297
569
525
529
858
546
0 -1 59
-1 0 81
59 81 0
0 407 254 93 389 2
407 0 423 424 237 370
254 423 0 201 176 203
93 424 201 0 441 -1
389 237 176 441 0 458
2 370 203 -1 458 0
