4
1458
512
2302
1784
8
164
26
247
675
936
640
884
565
0 24 54 50
24 0 -1 23
54 -1 0 -1
50 23 -1 0
0 -1 20 370 414 345 -1 339
-1 0 214 -1 -1 -1 134 92
20 214 0 343 89 181 487 142
370 -1 343 0 72 305 -1 61
414 -1 89 72 0 66 -1 61
345 -1 181 305 66 0 -1 486
-1 134 487 -1 -1 -1 0 493
339 92 142 61 61 486 493 0
