3
1681
628
1289
6
349
701
690
456
139
319
0 -1 45
-1 0 41
45 41 0
0 62 146 68 125 482
62 0 380 136 81 488
146 380 0 305 38 197
68 136 305 0 96 9
125 81 38 96 0 150
482 488 197 9 150 0
