4
2179
2787
527
2114
8
745
174
877
90
438
535
644
860
0 55 11 59
55 0 13 8
11 13 0 51
59 8 51 0
0 435 144 311 -1 192 211 -1
435 0 233 266 -1 350 -1 42
144 233 0 99 -1 103 22 301
311 266 99 0 170 325 88 80
-1 -1 -1 170 0 -1 33 331
192 350 103 325 -1 0 104 302
211 -1 22 88 33 104 0 337
-1 42 301 80 331 302 337 0
