4
2136
2042
2433
2866
8
579
266
104
376
168
961
387
607
0 3 83 4
3 0 10 18
83 10 0 4
4 18 4 0
0 -1 225 -1 374 114 282 500
-1 0 440 86 455 384 200 -1
225 440 0 -1 2 364 120 46
-1 86 -1 0 222 -1 -1 170
374 455 2 222 0 -1 346 -1
114 384 364 -1 -1 0 -1 67
282 200 120 -1 346 -1 0 476
500 -1 46 170 -1 67 476 0
