3
2327
748
2458
6
168
109
422
685
272
333
0 -1 66
-1 0 89
66 89 0
0 281 376 -1 -1 268
281 0 488 295 105 356
376 488 0 164 319 223
-1 295 164 0 -1 105
-1 105 319 -1 0 333
268 356 223 105 333 0
