4
702
1249
1200
2406
8
687
751
121
333
577
39
906
275
0 -1 55 79
-1 0 23 96
55 23 0 35
79 96 35 0
0 473 280 -1 121 66 105 -1
473 0 78 -1 -1 303 197 -1
280 78 0 -1 85 385 72 -1
-1 -1 -1 0 -1 19 419 -1
121 -1 85 -1 0 113 495 264
66 303 385 19 113 0 7 -1
105 197 72 419 495 7 0 226
-1 -1 -1 -1 264 -1 226 0
