4
1297
897
2817
814
8
422
317
340
975
869
81
752
689
0 2 4 39
2 0 25 24
4 25 0 11
39 24 11 0
0 380 -1 -1 133 327 103 297
380 0 293 386 9 61 259 298
-1 293 0 15 49 464 -1 419
-1 386 15 0 -1 152 58 -1
133 9 49 -1 0 -1 -1 381
327 61 464 152 -1 0 214 450
103 259 -1 58 -1 214 0 117
297 298 419 -1 381 450 117 0
