4
2367
759
2652
1397
8
374
734
253
485
551
390
901
872
0 -1 9 52
-1 0 82 25
9 82 0 45
52 25 45 0
0 -1 109 -1 76 242 128 180
-1 0 281 254 413 -1 312 432
109 281 0 161 277 251 369 64
-1 254 161 0 13 75 101 432
76 413 277 13 0 433 48 274
242 -1 251 75 433 0 45 367
128 312 369 101 48 45 0 -1
180 432 64 432 274 367 -1 0
