3
1663
1335
2505
6
640
355
795
955
703
939
0 67 92
67 0 75
92 75 0
0 86 142 275 291 474
86 0 39 247 146 15
142 39 0 36 296 282
275 247 36 0 375 131
291 146 296 375 0 77
474 15 282 131 77 0
