4
2817
212
2638
2437
8
114
4
787
747
13
19
882
162
0 40 5 61
40 0 91 94
5 91 0 43
61 94 43 0
0 -1 219 355 348 -1 160 202
-1 0 94 428 290 48 176 249
219 94 0 181 233 70 210 320
355 428 181 0 32 333 427 27
348 290 233 32 0 437 496 348
-1 48 70 333 437 0 94 360
160 176 210 427 496 94 0 84
202 249 320 27 348 360 84 0
