4
2735
438
850
2685
8
963
429
765
812
899
9
848
714
0 53 53 44
53 0 57 64
53 57 0 44
44 64 44 0
0 49 312 85 118 386 489 421
49 0 350 306 54 478 25 425
312 350 0 187 352 359 -1 307
85 306 187 0 -1 -1 -1 3
118 54 352 -1 0 188 421 71
386 478 359 -1 188 0 11 500
489 25 -1 -1 421 11 0 445
421 425 307 3 71 500 445 0
