4
2220
482
1734
1523
8
861
310
996
506
175
700
12
455
0 93 9 7
93 0 50 39
9 50 0 36
7 39 36 0
0 326 332 274 333 219 268 396
326 0 86 89 109 -1 234 -1
332 86 0 -1 79 153 26 12
274 89 -1 0 342 251 426 -1
333 109 79 342 0 30 300 -1
219 -1 153 251 30 0 121 -1
268 234 26 426 300 121 0 -1
396 -1 12 -1 -1 -1 -1 0
