4
2970
325
2739
2685
8
888
759
234
462
136
727
776
494
0 -1 17 -1
-1 0 64 72
17 64 0 36
-1 72 36 0
0 -1 404 27 89 322 7 50
-1 0 374 334 464 355 411 49
404 374 0 289 130 385 384 13
27 334 289 0 340 389 53 192
89 464 130 340 0 191 65 112
322 355 385 389 191 0 329 117
7 411 384 53 65 329 0 127
50 49 13 192 112 117 127 0
