4
1376
2305
992
1660
8
511
553
255
784
805
841
130
956
0 97 5 39
97 0 34 35
5 34 0 48
39 35 48 0
0 336 115 64 493 452 -1 175
336 0 240 238 31 197 -1 169
115 240 0 413 363 418 124 8
64 238 413 0 41 158 -1 76
493 31 363 41 0 413 26 -1
452 197 418 158 413 0 163 250
-1 -1 124 -1 26 163 0 -1
175 169 8 76 -1 250 -1 0
