4
526
1690
2879
1373
8
322
302
145
503
711
869
613
999
0 27 88 3
27 0 10 90
88 10 0 13
3 90 13 0
0 413 50 385 320 467 103 50
413 0 36 323 497 438 270 272
50 36 0 488 49 368 258 321
385 323 488 0 196 -1 39 -1
320 497 49 196 0 419 2 446
467 438 368 -1 419 0 -1 451
103 270 258 39 2 -1 0 151
50 272 321 -1 446 451 151 0
