4
1252
681
1790
2101
8
485
119
650
330
714
938
840
492
0 45 8 63
45 0 16 27
8 16 0 66
63 27 66 0
0 -1 -1 382 332 132 -1 -1
-1 0 -1 472 93 277 47 456
-1 -1 0 -1 107 456 -1 -1
382 472 -1 0 305 249 330 188
332 93 107 305 0 -1 -1 25
132 277 456 249 -1 0 98 -1
-1 47 -1 330 -1 98 0 -1
-1 456 -1 188 25 -1 -1 0
