4
624
1295
2678
446
8
487
57
945
48
338
420
827
982
0 17 88 81
17 0 68 29
88 68 0 64
81 29 64 0
0 56 414 212 18 392 412 268
56 0 345 124 -1 -1 -1 204
414 345 0 314 411 242 20 395
212 124 314 0 257 285 468 185
18 -1 411 257 0 178 407 304
392 -1 242 285 178 0 484 398
412 -1 20 468 407 484 0 300
268 204 395 185 304 398 300 0
