4
872
929
2849
621
8
32
85
196
330
728
195
164
1000
0 27 80 51
27 0 79 46
80 79 0 80
51 46 80 0
0 350 472 416 275 -1 -1 113
350 0 186 48 278 52 221 177
472 186 0 293 255 164 270 347
416 48 293 0 440 191 321 204
275 278 255 440 0 212 22 137
-1 52 164 191 212 0 -1 72
-1 221 270 321 22 -1 0 -1
113 177 347 204 137 72 -1 0
