3
1319
2184
2210
6
170
342
309
619
341
768
0 -1 25
-1 0 29
25 29 0
0 -1 194 26 49 -1
-1 0 244 178 470 428
194 244 0 37 -1 160
26 178 37 0 365 296
49 470 -1 365 0 450
-1 428 160 296 450 0
