4
1576
681
1924
2415
8
791
715
970
438
917
465
192
943
0 -1 53 87
-1 0 63 10
53 63 0 71
87 10 71 0
0 209 79 334 -1 282 -1 102
209 0 405 398 485 295 292 38
79 405 0 203 385 465 135 479
334 398 203 0 -1 322 37 375
-1 485 385 -1 0 292 122 314
282 295 465 322 292 0 -1 364
-1 292 135 37 122 -1 0 -1
102 38 479 375 314 364 -1 0
