4
1187
2221
503
790
8
962
39
95
311
314
338
430
278
0 81 86 29
81 0 66 45
86 66 0 -1
29 45 -1 0
0 44 72 -1 490 427 -1 -1
44 0 432 402 285 84 302 9
72 432 0 -1 -1 24 433 155
-1 402 -1 0 -1 235 -1 181
490 285 -1 -1 0 458 128 389
427 84 24 235 458 0 60 49
-1 302 433 -1 128 60 0 84
-1 9 155 181 389 49 84 0
