3
1557
787
2947
6
943
132
424
410
989
499
0 74 52
74 0 25
52 25 0
0 120 427 383 217 215
120 0 256 -1 172 245
427 256 0 70 270 466
383 -1 70 0 59 57
217 172 270 59 0 331
215 245 466 57 331 0
