4
1235
211
2842
2980
8
172
607
697
340
900
973
48
824
0 30 51 67
30 0 57 97
51 57 0 46
67 97 46 0
0 44 -1 274 54 68 -1 128
44 0 436 34 -1 249 -1 129
-1 436 0 491 287 -1 -1 436
274 34 491 0 -1 312 299 178
54 -1 287 -1 0 99 235 110
68 249 -1 312 99 0 269 363
-1 -1 -1 299 235 269 0 -1
128 129 436 178 110 363 -1 0
