4
2476
1359
1748
2371
8
802
567
398
797
116
146
233
12
0 -1 47 73
-1 0 73 -1
47 73 0 25
73 -1 25 0
0 234 -1 87 -1 279 462 -1
234 0 271 435 216 14 444 70
-1 271 0 319 -1 -1 256 206
87 435 319 0 129 48 411 131
-1 216 -1 129 0 487 331 92
279 14 -1 48 487 0 289 -1
462 444 256 411 331 289 0 140
-1 70 206 131 92 -1 140 0
