4
1074
1292
2897
1181
8
337
185
939
221
780
510
909
933
0 32 22 70
32 0 74 91
22 74 0 55
70 91 55 0
0 285 229 292 337 171 84 171
285 0 -1 203 345 251 489 156
229 -1 0 95 -1 422 262 493
292 203 95 0 -1 390 278 123
337 345 -1 -1 0 85 12 471
171 251 422 390 85 0 249 489
84 489 262 278 12 249 0 152
171 156 493 123 471 489 152 0
