4
96
2094
2091
1363
8
306
279
789
287
384
491
79
203
0 36 47 8
36 0 19 -1
47 19 0 96
8 -1 96 0
0 191 220 145 476 300 160 58
191 0 335 126 278 403 197 396
220 335 0 167 -1 318 112 148
145 126 167 0 -1 254 330 -1
476 278 -1 -1 0 500 31 367
300 403 318 254 500 0 229 443
160 197 112 330 31 229 0 26
58 396 148 -1 367 443 26 0
