4
2235
1814
1778
814
8
624
670
960
65
16
623
41
344
0 33 34 53
33 0 -1 98
34 -1 0 14
53 98 14 0
0 220 164 254 431 489 -1 465
220 0 143 141 399 469 -1 290
164 143 0 343 463 162 431 290
254 141 343 0 337 479 129 430
431 399 463 337 0 150 408 337
489 469 162 479 150 0 315 483
-1 -1 431 129 408 315 0 459
465 290 290 430 337 483 459 0
