3
1680
2676
269
6
951
355
824
533
622
583
0 27 95
27 0 39
95 39 0
0 129 236 443 337 2
129 0 224 170 71 190
236 224 0 296 180 110
443 170 296 0 119 384
337 71 180 119 0 255
2 190 110 384 255 0
