4
2444
1547
2312
2753
8
425
947
982
764
620
340
611
326
0 62 35 8
62 0 50 42
35 50 0 18
8 42 18 0
0 499 -1 64 243 24 287 408
499 0 480 247 208 199 223 306
-1 480 0 206 214 497 59 432
64 247 206 0 61 214 334 105
243 208 214 61 0 -1 -1 105
24 199 497 214 -1 0 -1 -1
287 223 59 334 -1 -1 0 63
408 306 432 105 105 -1 63 0
