4
1721
2216
57
2281
8
989
90
756
114
706
936
681
71
0 4 -1 -1
4 0 76 33
-1 76 0 -1
-1 33 -1 0
0 237 223 370 440 66 324 453
237 0 419 -1 498 195 -1 -1
223 419 0 -1 118 203 447 383
370 -1 -1 0 -1 264 97 450
440 498 118 -1 0 89 -1 210
66 195 203 264 89 0 -1 -1
324 -1 447 97 -1 -1 0 132
453 -1 383 450 210 -1 132 0
