4
233
640
2935
2526
8
377
611
451
154
159
846
987
475
0 88 97 11
88 0 90 81
97 90 0 63
11 81 63 0
0 135 -1 489 105 118 312 -1
135 0 47 462 190 122 232 438
-1 47 0 139 199 485 421 25
489 462 139 0 266 480 410 -1
105 190 199 266 0 387 393 260
118 122 485 480 387 0 54 -1
312 232 421 410 393 54 0 431
-1 438 25 -1 260 -1 431 0
