4
895
367
2921
2703
8
711
714
510
588
643
380
880
420
0 83 44 72
83 0 -1 41
44 -1 0 36
72 41 36 0
0 -1 341 172 150 464 89 448
-1 0 398 257 3 -1 297 243
341 398 0 121 199 28 219 -1
172 257 121 0 193 -1 474 412
150 3 199 193 0 327 128 337
464 -1 28 -1 327 0 38 13
89 297 219 474 128 38 0 94
448 243 -1 412 337 13 94 0
