4
1397
483
1777
1074
8
305
378
346
798
381
688
189
66
0 8 58 81
8 0 -1 82
58 -1 0 13
81 82 13 0
0 117 183 450 143 325 158 375
117 0 462 29 363 230 279 198
183 462 0 79 216 367 -1 68
450 29 79 0 382 198 151 303
143 363 216 382 0 195 267 284
325 230 367 198 195 0 267 359
158 279 -1 151 267 267 0 237
375 198 68 303 284 359 237 0
