3
2188
1759
1519
6
14
559
424
648
427
327
0 27 100
27 0 72
100 72 0
0 206 195 103 348 108
206 0 311 34 54 296
195 311 0 326 189 140
103 34 326 0 483 408
348 54 189 483 0 -1
108 296 140 408 -1 0
