4
2973
201
2635
1202
8
979
860
390
139
536
174
685
766
0 56 71 34
56 0 31 67
71 31 0 44
34 67 44 0
0 493 -1 35 434 426 -1 28
493 0 452 -1 301 471 128 -1
-1 452 0 -1 -1 180 3 -1
35 -1 -1 0 125 490 -1 120
434 301 -1 125 0 -1 -1 -1
426 471 180 490 -1 0 -1 -1
-1 128 3 -1 -1 -1 0 -1
28 -1 -1 120 -1 -1 -1 0
