4
2036
2778
1506
1273
8
516
267
707
780
655
940
76
978
0 23 94 30
23 0 49 26
94 49 0 45
30 26 45 0
0 412 276 150 342 163 94 66
412 0 287 185 440 -1 447 487
276 287 0 31 341 489 412 -1
150 185 31 0 25 -1 47 238
342 440 341 25 0 339 483 -1
163 -1 489 -1 339 0 290 -1
94 447 412 47 483 290 0 -1
66 487 -1 238 -1 -1 -1 0
