3
1686
2171
2132
6
786
87
941
217
464
99
0 3 22
3 0 13
22 13 0
0 268 69 229 435 268
268 0 -1 472 374 118
69 -1 0 393 203 451
229 472 393 0 313 159
435 374 203 313 0 114
268 118 451 159 114 0
