4
1608
2267
2571
109
8
632
81
116
695
419
118
665
211
0 18 12 59
18 0 12 -1
12 12 0 63
59 -1 63 0
0 -1 289 201 -1 266 353 276
-1 0 238 232 95 13 39 477
289 238 0 455 -1 384 -1 -1
201 232 455 0 -1 189 29 -1
-1 95 -1 -1 0 184 88 -1
266 13 384 189 184 0 -1 -1
353 39 -1 29 88 -1 0 -1
276 477 -1 -1 -1 -1 -1 0
