3
1029
2251
1883
6
820
444
218
690
207
217
0 88 82
88 0 7
82 7 0
0 6 431 310 338 156
6 0 373 36 488 343
431 373 0 207 297 39
310 36 207 0 -1 375
338 488 297 -1 0 29
156 343 39 375 29 0
