4
275
761
1835
2760
8
610
118
128
427
182
335
404
101
0 82 24 3
82 0 74 15
24 74 0 -1
3 15 -1 0
0 -1 -1 389 391 78 252 354
-1 0 8 22 129 304 242 1
-1 8 0 412 217 337 397 399
389 22 412 0 2 115 145 332
391 129 217 2 0 -1 275 369
78 304 337 115 -1 0 24 74
252 242 397 145 275 24 0 430
354 1 399 332 369 74 430 0
