3
1893
2484
799
6
792
822
477
349
291
764
0 44 98
44 0 16
98 16 0
0 442 226 473 453 8
442 0 -1 482 357 77
226 -1 0 -1 292 253
473 482 -1 0 127 480
453 357 292 127 0 401
8 77 253 480 401 0
