4
2903
612
1919
2610
8
531
464
263
188
412
140
918
531
0 64 46 64
64 0 46 25
46 46 0 86
64 25 86 0
0 391 -1 99 -1 447 339 243
391 0 494 97 146 424 177 89
-1 494 0 295 -1 127 146 -1
99 97 295 0 269 157 163 70
-1 146 -1 269 0 381 109 497
447 424 127 157 381 0 122 490
339 177 146 163 109 122 0 434
243 89 -1 70 497 490 434 0
