4
2797
2874
1432
640
8
261
91
908
251
559
641
766
418
0 78 4 62
78 0 67 8
4 67 0 85
62 8 85 0
0 392 440 406 4 13 319 387
392 0 258 308 209 112 5 336
440 258 0 19 45 -1 27 64
406 308 19 0 401 111 179 436
4 209 45 401 0 257 -1 195
13 112 -1 111 257 0 116 269
319 5 27 179 -1 116 0 474
387 336 64 436 195 269 474 0
