4
2504
642
2917
296
8
220
624
334
525
107
839
17
822
0 77 75 -1
77 0 34 29
75 34 0 63
-1 29 63 0
0 29 451 315 118 353 398 187
29 0 360 398 241 417 178 416
451 360 0 -1 498 247 456 402
315 398 -1 0 -1 348 415 255
118 241 498 -1 0 46 175 498
353 417 247 348 46 0 179 342
398 178 456 415 175 179 0 420
187 416 402 255 498 342 420 0
