4
1906
1180
2989
980
8
782
116
378
314
102
5
378
299
0 39 76 96
39 0 84 84
76 84 0 3
96 84 3 0
0 274 248 362 452 332 91 236
274 0 -1 297 21 280 396 492
248 -1 0 33 152 -1 -1 272
362 297 33 0 402 29 287 298
452 21 152 402 0 366 449 19
332 280 -1 29 366 0 117 463
91 396 -1 287 449 117 0 473
236 492 272 298 19 463 473 0
