4
441
1750
2980
2734
8
10
216
213
522
805
594
308
121
0 84 -1 39
84 0 37 36
-1 37 0 48
39 36 48 0
0 76 305 305 437 -1 263 -1
76 0 -1 229 157 429 -1 333
305 -1 0 90 -1 327 438 305
305 229 90 0 359 -1 93 442
437 157 -1 359 0 -1 -1 96
-1 429 327 -1 -1 0 123 122
263 -1 438 93 -1 123 0 -1
-1 333 305 442 96 122 -1 0
