4
2979
2729
117
782
8
618
43
104
212
642
391
302
858
0 28 85 6
28 0 58 89
85 58 0 28
6 89 28 0
0 431 -1 364 338 350 -1 -1
431 0 377 186 242 345 453 388
-1 377 0 -1 -1 373 477 -1
364 186 -1 0 480 55 389 320
338 242 -1 480 0 345 -1 300
350 345 373 55 345 0 314 326
-1 453 477 389 -1 314 0 -1
-1 388 -1 320 300 326 -1 0
