4
2059
2153
278
2372
8
930
140
861
723
999
293
174
225
0 100 12 41
100 0 5 53
12 5 0 57
41 53 57 0
0 246 64 29 361 370 188 345
246 0 329 223 298 342 458 -1
64 329 0 261 19 418 346 422
29 223 261 0 235 444 -1 190
361 298 19 235 0 126 123 229
370 342 418 444 126 0 439 47
188 458 346 -1 123 439 0 208
345 -1 422 190 229 47 208 0
