3
405
1082
2405
6
211
520
882
441
656
65
0 14 73
14 0 66
73 66 0
0 -1 289 339 67 204
-1 0 258 182 76 250
289 258 0 82 -1 109
339 182 82 0 -1 348
67 76 -1 -1 0 37
204 250 109 348 37 0
