3
2460
2522
2013
6
946
398
901
230
69
329
0 21 26
21 0 21
26 21 0
0 486 390 456 144 461
486 0 -1 103 49 247
390 -1 0 242 88 -1
456 103 242 0 224 199
144 49 88 224 0 266
461 247 -1 199 266 0
