4
1621
1786
999
2091
8
329
474
581
4
238
184
117
203
0 42 87 46
42 0 72 38
87 72 0 33
46 38 33 0
0 231 432 -1 329 242 358 67
231 0 -1 -1 468 165 496 -1
432 -1 0 -1 382 -1 -1 -1
-1 -1 -1 0 309 58 494 -1
329 468 382 309 0 150 368 -1
242 165 -1 58 150 0 344 395
358 496 -1 494 368 344 0 -1
67 -1 -1 -1 -1 395 -1 0
