4
884
1694
2037
1211
8
65
338
14
423
269
923
870
852
0 4 49 89
4 0 8 89
49 8 0 84
89 89 84 0
0 14 147 309 314 155 437 416
14 0 33 43 434 358 -1 287
147 33 0 210 452 336 247 169
309 43 210 0 -1 124 363 400
314 434 452 -1 0 -1 440 -1
155 358 336 124 -1 0 60 280
437 -1 247 363 440 60 0 326
416 287 169 400 -1 280 326 0
