4
660
2271
2555
1445
8
885
303
872
405
949
26
145
460
0 95 76 87
95 0 67 49
76 67 0 72
87 49 72 0
0 491 237 15 357 431 437 414
491 0 -1 -1 -1 235 212 418
237 -1 0 -1 314 251 458 -1
15 -1 -1 0 125 182 16 266
357 -1 314 125 0 297 -1 225
431 235 251 182 297 0 421 -1
437 212 458 16 -1 421 0 213
414 418 -1 266 225 -1 213 0
