4
740
320
2397
2781
8
370
785
295
112
967
944
291
50
0 29 63 -1
29 0 -1 81
63 -1 0 10
-1 81 10 0
0 251 15 97 381 284 268 397
251 0 231 437 -1 34 94 97
15 231 0 110 381 13 -1 435
97 437 110 0 55 149 439 169
381 -1 381 55 0 -1 318 264
284 34 13 149 -1 0 252 17
268 94 -1 439 318 252 0 225
397 97 435 169 264 17 225 0
