4
1559
1355
135
2372
8
608
764
865
192
102
269
85
585
0 5 -1 57
5 0 32 28
-1 32 0 25
57 28 25 0
0 -1 215 28 -1 259 -1 133
-1 0 160 7 397 87 157 -1
215 160 0 260 453 479 81 183
28 7 260 0 348 8 433 99
-1 397 453 348 0 -1 230 65
259 87 479 8 -1 0 495 284
-1 157 81 433 230 495 0 126
133 -1 183 99 65 284 126 0
