4
775
1665
2837
760
8
233
703
62
772
129
91
748
290
0 13 87 22
13 0 36 22
87 36 0 90
22 22 90 0
0 477 56 394 207 59 484 208
477 0 302 257 -1 487 46 424
56 302 0 326 283 -1 402 423
394 257 326 0 149 237 -1 499
207 -1 283 149 0 -1 296 19
59 487 -1 237 -1 0 407 207
484 46 402 -1 296 407 0 72
208 424 423 499 19 207 72 0
