4
1252
2685
2971
1034
8
881
261
787
62
843
709
304
975
0 18 -1 5
18 0 35 75
-1 35 0 75
5 75 75 0
0 498 143 212 191 444 -1 97
498 0 391 -1 -1 167 108 409
143 391 0 374 256 222 -1 -1
212 -1 374 0 231 108 151 30
191 -1 256 231 0 202 357 -1
444 167 222 108 202 0 24 376
-1 108 -1 151 357 24 0 171
97 409 -1 30 -1 376 171 0
