4
207
2737
1432
231
8
88
850
429
169
14
806
660
949
0 6 80 55
6 0 10 46
80 10 0 94
55 46 94 0
0 332 169 261 128 464 314 436
332 0 279 127 331 154 -1 108
169 279 0 474 318 295 135 400
261 127 474 0 397 72 27 447
128 331 318 397 0 -1 7 -1
464 154 295 72 -1 0 248 -1
314 -1 135 27 7 248 0 405
436 108 400 447 -1 -1 405 0
