4
2136
1352
2888
2062
8
493
992
695
308
625
336
15
703
0 59 86 30
59 0 9 16
86 9 0 -1
30 16 -1 0
0 487 340 494 112 348 331 280
487 0 -1 391 129 185 229 358
340 -1 0 87 59 315 495 439
494 391 87 0 476 255 421 307
112 129 59 476 0 148 -1 22
348 185 315 255 148 0 137 500
331 229 495 421 -1 137 0 250
280 358 439 307 22 500 250 0
