4
154
2591
2588
131
8
754
644
206
523
487
407
178
891
0 16 -1 83
16 0 73 48
-1 73 0 24
83 48 24 0
0 3 -1 -1 477 -1 23 -1
3 0 383 389 234 399 8 41
-1 383 0 131 353 28 47 -1
-1 389 131 0 230 137 11 -1
477 234 353 230 0 212 24 297
-1 399 28 137 212 0 363 493
23 8 47 11 24 363 0 93
-1 41 -1 -1 297 493 93 0
