4
1133
2778
2658
1258
8
715
149
436
935
686
741
650
138
0 98 -1 33
98 0 78 94
-1 78 0 85
33 94 85 0
0 -1 281 71 -1 89 -1 278
-1 0 471 471 188 7 220 164
281 471 0 316 481 -1 -1 445
71 471 316 0 139 169 406 387
-1 188 481 139 0 474 213 20
89 7 -1 169 474 0 -1 259
-1 220 -1 406 213 -1 0 -1
278 164 445 387 20 259 -1 0
