4
2808
1372
1357
786
8
462
418
246
425
331
276
41
851
0 60 -1 10
60 0 54 55
-1 54 0 5
10 55 5 0
0 -1 264 -1 -1 -1 -1 63
-1 0 140 247 -1 12 -1 215
264 140 0 314 369 212 21 260
-1 247 314 0 270 -1 376 63
-1 -1 369 270 0 465 301 131
-1 12 212 -1 465 0 -1 235
-1 -1 21 376 301 -1 0 323
63 215 260 63 131 235 323 0
