4
2993
2652
1850
823
8
47
430
405
965
33
223
512
91
0 74 30 61
74 0 50 97
30 50 0 93
61 97 93 0
0 161 303 446 28 170 125 413
161 0 335 63 173 473 -1 447
303 335 0 188 260 131 -1 365
446 63 188 0 32 365 -1 339
28 173 260 32 0 -1 49 -1
170 473 131 365 -1 0 141 192
125 -1 -1 -1 49 141 0 -1
413 447 365 339 -1 192 -1 0
