4
592
2974
103
1959
8
598
398
857
413
154
513
929
660
0 60 76 22
60 0 45 4
76 45 0 14
22 4 14 0
0 -1 435 192 -1 144 321 50
-1 0 -1 134 426 212 78 255
435 -1 0 412 135 309 310 -1
192 134 412 0 -1 478 -1 36
-1 426 135 -1 0 229 -1 356
144 212 309 478 229 0 265 392
321 78 310 -1 -1 265 0 -1
50 255 -1 36 356 392 -1 0
