4
982
876
1649
2416
8
628
195
90
405
564
725
858
602
0 -1 4 16
-1 0 29 -1
4 29 0 14
16 -1 14 0
0 364 19 -1 -1 215 179 -1
364 0 9 221 499 -1 485 402
19 9 0 272 128 101 399 348
-1 221 272 0 251 162 146 379
-1 499 128 251 0 -1 -1 324
215 -1 101 162 -1 0 448 233
179 485 399 146 -1 448 0 81
-1 402 348 379 324 233 81 0
