3
1821
2285
290
6
126
80
439
544
807
301
0 15 41
15 0 45
41 45 0
0 89 252 101 -1 61
89 0 481 165 193 399
252 481 0 488 17 49
101 165 488 0 -1 211
-1 193 17 -1 0 338
61 399 49 211 338 0
