4
2683
1558
1666
1201
8
82
885
109
28
758
858
422
27
0 34 8 45
34 0 63 -1
8 63 0 67
45 -1 67 0
0 303 362 19 -1 156 -1 458
303 0 19 315 359 199 -1 38
362 19 0 -1 36 195 101 306
19 315 -1 0 456 268 191 178
-1 359 36 456 0 288 371 160
156 199 195 268 288 0 402 368
-1 -1 101 191 371 402 0 99
458 38 306 178 160 368 99 0
