4
853
2653
893
1017
8
114
228
426
530
92
689
788
911
0 23 -1 9
23 0 87 83
-1 87 0 46
9 83 46 0
0 -1 221 130 422 166 451 -1
-1 0 50 30 -1 300 255 -1
221 50 0 268 177 454 69 257
130 30 268 0 264 123 441 392
422 -1 177 264 0 346 333 238
166 300 454 123 346 0 129 16
451 255 69 441 333 129 0 215
-1 -1 257 392 238 16 215 0
