4
163
1050
2286
2712
8
323
949
389
682
982
801
264
281
0 47 -1 -1
47 0 60 90
-1 60 0 42
-1 90 42 0
0 439 340 387 -1 289 189 140
439 0 337 243 128 438 5 361
340 337 0 -1 316 464 427 141
387 243 -1 0 -1 117 78 194
-1 128 316 -1 0 281 128 319
289 438 464 117 281 0 16 291
189 5 427 78 128 16 0 -1
140 361 141 194 319 291 -1 0
