4
1131
19
2264
2692
8
877
189
108
649
674
831
62
742
0 88 -1 79
88 0 28 78
-1 28 0 81
79 78 81 0
0 295 340 -1 159 -1 262 425
295 0 -1 439 156 200 349 384
340 -1 0 215 182 67 205 491
-1 439 215 0 465 181 -1 129
159 156 182 465 0 -1 228 4
-1 200 67 181 -1 0 -1 134
262 349 205 -1 228 -1 0 283
425 384 491 129 4 134 283 0
