4
456
2866
2752
701
8
477
807
199
44
238
349
462
164
0 -1 99 36
-1 0 76 -1
99 76 0 53
36 -1 53 0
0 113 442 76 450 429 271 31
113 0 -1 -1 -1 398 297 250
442 -1 0 406 413 -1 -1 234
76 -1 406 0 -1 381 -1 86
450 -1 413 -1 0 312 -1 343
429 398 -1 381 312 0 -1 257
271 297 -1 -1 -1 -1 0 -1
31 250 234 86 343 257 -1 0
