4
2821
10
2211
760
8
220
342
971
105
816
570
456
297
0 32 -1 66
32 0 14 -1
-1 14 0 -1
66 -1 -1 0
0 403 -1 -1 236 256 -1 441
403 0 66 79 397 156 497 378
-1 66 0 358 211 408 210 175
-1 79 358 0 76 -1 459 406
236 397 211 76 0 230 478 267
256 156 408 -1 230 0 193 20
-1 497 210 459 478 193 0 471
441 378 175 406 267 20 471 0
