4
1739
375
2586
1194
8
269
730
973
323
386
826
40
543
0 74 3 1
74 0 24 58
3 24 0 78
1 58 78 0
0 -1 75 182 48 -1 497 422
-1 0 320 110 105 485 313 263
75 320 0 104 292 233 59 263
182 110 104 0 192 419 438 -1
48 105 292 192 0 -1 -1 320
-1 485 233 419 -1 0 498 301
497 313 59 438 -1 498 0 418
422 263 263 -1 320 301 418 0
