3
26
2107
1740
6
456
266
685
755
201
71
0 99 20
99 0 53
20 53 0
0 87 254 423 160 499
87 0 22 101 277 112
254 22 0 397 188 25
423 101 397 0 349 227
160 277 188 349 0 459
499 112 25 227 459 0
