4
183
609
1571
2609
8
20
622
382
705
471
701
559
627
0 -1 35 42
-1 0 14 34
35 14 0 88
42 34 88 0
0 303 424 8 473 370 483 210
303 0 222 316 388 231 -1 477
424 222 0 474 60 11 118 -1
8 316 474 0 -1 463 299 47
473 388 60 -1 0 -1 387 37
370 231 11 463 -1 0 203 175
483 -1 118 299 387 203 0 312
210 477 -1 47 37 175 312 0
