4
899
2493
2034
2248
8
716
530
641
116
101
760
957
475
0 25 100 2
25 0 34 48
100 34 0 84
2 48 84 0
0 328 391 50 66 442 103 -1
328 0 54 86 179 304 203 -1
391 54 0 30 260 389 233 -1
50 86 30 0 131 -1 161 84
66 179 260 131 0 268 164 139
442 304 389 -1 268 0 16 208
103 203 233 161 164 16 0 412
-1 -1 -1 84 139 208 412 0
