3
774
1740
1393
6
674
964
114
343
699
482
0 69 -1
69 0 58
-1 58 0
0 366 436 142 452 234
366 0 484 169 470 252
436 484 0 133 -1 64
142 169 133 0 79 283
452 470 -1 79 0 71
234 252 64 283 71 0
