4
1850
546
142
2892
8
610
874
252
207
96
830
205
144
0 84 91 97
84 0 18 9
91 18 0 -1
97 9 -1 0
0 266 468 -1 -1 289 -1 -1
266 0 323 467 475 343 114 212
468 323 0 20 454 -1 454 80
-1 467 20 0 278 144 200 7
-1 475 454 278 0 23 187 116
289 343 -1 144 23 0 -1 40
-1 114 454 200 187 -1 0 94
-1 212 80 7 116 40 94 0
