3
70
1256
2726
6
548
431
729
969
201
251
0 36 -1
36 0 16
-1 16 0
0 274 67 337 282 148
274 0 -1 20 59 29
67 -1 0 262 53 442
337 20 262 0 261 473
282 59 53 261 0 314
148 29 442 473 314 0
