3
1107
2924
2345
6
973
122
702
436
922
631
0 5 64
5 0 78
64 78 0
0 453 472 235 408 338
453 0 -1 169 185 335
472 -1 0 135 300 107
235 169 135 0 -1 342
408 185 300 -1 0 469
338 335 107 342 469 0
