3
1610
1802
269
6
377
820
833
264
233
394
0 83 60
83 0 79
60 79 0
0 110 163 468 358 247
110 0 277 405 52 273
163 277 0 -1 48 196
468 405 -1 0 58 399
358 52 48 58 0 295
247 273 196 399 295 0
