4
2662
2083
2247
2039
8
302
730
996
765
760
579
208
78
0 96 46 61
96 0 -1 18
46 -1 0 -1
61 18 -1 0
0 -1 -1 235 166 32 474 8
-1 0 -1 12 321 -1 181 2
-1 -1 0 403 -1 286 -1 462
235 12 403 0 476 155 193 186
166 321 -1 476 0 463 264 385
32 -1 286 155 463 0 -1 -1
474 181 -1 193 264 -1 0 -1
8 2 462 186 385 -1 -1 0
