4
2795
1382
1458
2484
8
988
98
313
47
31
28
499
612
0 61 76 -1
61 0 29 94
76 29 0 49
-1 94 49 0
0 234 342 266 475 -1 -1 56
234 0 67 166 88 222 95 178
342 67 0 262 80 84 193 122
266 166 262 0 433 160 457 434
475 88 80 433 0 123 161 129
-1 222 84 160 123 0 388 143
-1 95 193 457 161 388 0 407
56 178 122 434 129 143 407 0
