4
2101
2314
2794
1118
8
187
325
389
156
364
217
625
270
0 46 39 53
46 0 46 10
39 46 0 89
53 10 89 0
0 449 101 240 38 13 -1 205
449 0 55 405 -1 286 -1 58
101 55 0 128 -1 418 17 246
240 405 128 0 -1 -1 -1 1
38 -1 -1 -1 0 203 175 321
13 286 418 -1 203 0 316 5
-1 -1 17 -1 175 316 0 -1
205 58 246 1 321 5 -1 0
