3
2552
2688
2423
6
49
37
118
59
244
846
0 62 98
62 0 89
98 89 0
0 279 350 77 330 458
279 0 -1 145 93 34
350 -1 0 498 259 450
77 145 498 0 -1 289
330 93 259 -1 0 369
458 34 450 289 369 0
