3
395
1171
2797
6
717
842
410
183
138
980
0 100 57
100 0 17
57 17 0
0 298 273 454 208 76
298 0 88 359 425 -1
273 88 0 137 261 44
454 359 137 0 319 207
208 425 261 319 0 313
76 -1 44 207 313 0
