4
2147
2991
2560
2197
8
316
217
344
758
406
597
508
528
0 62 2 10
62 0 93 20
2 93 0 13
10 20 13 0
0 127 203 309 347 39 486 22
127 0 477 311 150 275 57 -1
203 477 0 252 143 242 481 440
309 311 252 0 466 210 250 78
347 150 143 466 0 140 46 196
39 275 242 210 140 0 358 350
486 57 481 250 46 358 0 91
22 -1 440 78 196 350 91 0
