4
2275
1145
1665
2229
8
525
302
64
722
350
45
323
370
0 48 71 25
48 0 25 20
71 25 0 -1
25 20 -1 0
0 -1 119 -1 233 246 143 -1
-1 0 451 461 268 490 8 -1
119 451 0 390 425 252 257 48
-1 461 390 0 321 56 -1 -1
233 268 425 321 0 377 468 292
246 490 252 56 377 0 469 347
143 8 257 -1 468 469 0 -1
-1 -1 48 -1 292 347 -1 0
