4
2927
2862
584
2234
8
787
571
70
854
77
223
669
618
0 -1 33 30
-1 0 6 -1
33 6 0 -1
30 -1 -1 0
0 400 -1 324 -1 336 258 -1
400 0 427 433 427 -1 -1 93
-1 427 0 375 404 -1 -1 -1
324 433 375 0 187 341 237 101
-1 427 404 187 0 -1 -1 -1
336 -1 -1 341 -1 0 431 190
258 -1 -1 237 -1 431 0 225
-1 93 -1 101 -1 190 225 0
