3
1545
2267
2482
6
39
475
899
919
705
111
0 62 42
62 0 6
42 6 0
0 432 106 310 64 152
432 0 363 119 45 249
106 363 0 153 279 343
310 119 153 0 247 297
64 45 279 247 0 153
152 249 343 297 153 0
