4
1046
1500
1702
1751
8
64
479
956
16
58
350
448
586
0 38 90 55
38 0 46 1
90 46 0 26
55 1 26 0
0 50 269 275 -1 -1 260 -1
50 0 -1 12 -1 161 4 257
269 -1 0 409 -1 73 344 162
275 12 409 0 438 205 351 47
-1 -1 -1 438 0 270 77 322
-1 161 73 205 270 0 384 286
260 4 344 351 77 384 0 125
-1 257 162 47 322 286 125 0
