4
1144
2966
2432
427
8
131
847
342
265
777
30
119
318
0 -1 83 1
-1 0 23 75
83 23 0 96
1 75 96 0
0 397 413 -1 442 321 142 410
397 0 421 -1 -1 -1 381 219
413 421 0 384 112 45 137 93
-1 -1 384 0 477 -1 205 377
442 -1 112 477 0 -1 -1 -1
321 -1 45 -1 -1 0 -1 -1
142 381 137 205 -1 -1 0 -1
410 219 93 377 -1 -1 -1 0
