4
793
2735
892
885
8
489
311
730
841
304
328
409
650
0 99 36 24
99 0 32 64
36 32 0 63
24 64 63 0
0 -1 -1 258 77 16 154 328
-1 0 465 45 404 400 211 283
-1 465 0 153 -1 171 175 426
258 45 153 0 416 69 186 55
77 404 -1 416 0 398 348 164
16 400 171 69 398 0 90 300
154 211 175 186 348 90 0 247
328 283 426 55 164 300 247 0
