4
496
2206
544
1934
8
167
216
819
526
930
18
278
900
0 56 97 24
56 0 26 60
97 26 0 -1
24 60 -1 0
0 214 39 181 151 -1 145 453
214 0 205 85 -1 272 88 146
39 205 0 -1 178 333 -1 343
181 85 -1 0 465 399 183 130
151 -1 178 465 0 461 104 286
-1 272 333 399 461 0 95 -1
145 88 -1 183 104 95 0 413
453 146 343 130 286 -1 413 0
