4
110
1997
2822
648
8
451
537
317
155
622
721
645
572
0 24 54 97
24 0 36 83
54 36 0 63
97 83 63 0
0 23 249 186 -1 -1 252 390
23 0 406 246 16 470 443 450
249 406 0 329 157 -1 349 343
186 246 329 0 -1 151 -1 -1
-1 16 157 -1 0 401 -1 424
-1 470 -1 151 401 0 455 331
252 443 349 -1 -1 455 0 334
390 450 343 -1 424 331 334 0
