3
2240
2200
43
6
509
79
517
370
695
773
0 76 98
76 0 51
98 51 0
0 494 417 -1 185 123
494 0 397 237 54 247
417 397 0 191 409 181
-1 237 191 0 476 6
185 54 409 476 0 326
123 247 181 6 326 0
