4
2883
2721
2855
2148
8
144
136
785
349
877
767
906
733
0 82 31 50
82 0 59 67
31 59 0 8
50 67 8 0
0 487 155 -1 -1 297 216 70
487 0 463 58 349 479 163 354
155 463 0 47 248 -1 459 128
-1 58 47 0 -1 400 324 -1
-1 349 248 -1 0 500 122 -1
297 479 -1 400 500 0 222 -1
216 163 459 324 122 222 0 14
70 354 128 -1 -1 -1 14 0
