3
1050
455
1040
6
163
667
728
20
279
77
0 49 18
49 0 89
18 89 0
0 476 -1 48 123 36
476 0 254 135 202 495
-1 254 0 291 228 320
48 135 291 0 84 101
123 202 228 84 0 199
36 495 320 101 199 0
