4
2352
626
2402
2434
8
947
295
520
699
20
94
507
362
0 74 79 25
74 0 17 57
79 17 0 95
25 57 95 0
0 231 12 267 103 235 176 197
231 0 175 169 464 -1 310 245
12 175 0 -1 -1 111 347 -1
267 169 -1 0 492 282 199 323
103 464 -1 492 0 -1 253 -1
235 -1 111 282 -1 0 127 259
176 310 347 199 253 127 0 16
197 245 -1 323 -1 259 16 0
