3
1760
1948
2112
6
798
775
566
649
943
359
0 84 67
84 0 34
67 34 0
0 304 325 12 9 418
304 0 243 43 497 -1
325 243 0 -1 92 316
12 43 -1 0 277 298
9 497 92 277 0 141
418 -1 316 298 141 0
