4
2218
1762
394
381
8
782
65
16
712
395
77
122
448
0 -1 5 7
-1 0 97 26
5 97 0 90
7 26 90 0
0 70 239 -1 129 490 292 189
70 0 393 232 153 153 24 14
239 393 0 70 280 120 163 177
-1 232 70 0 429 -1 327 59
129 153 280 429 0 217 291 327
490 153 120 -1 217 0 -1 -1
292 24 163 327 291 -1 0 -1
189 14 177 59 327 -1 -1 0
