3
816
458
2749
6
185
75
896
437
633
622
0 82 2
82 0 18
2 18 0
0 440 500 492 457 141
440 0 344 -1 106 115
500 344 0 252 340 24
492 -1 252 0 314 113
457 106 340 314 0 166
141 115 24 113 166 0
