4
259
326
1569
2822
8
332
186
642
535
671
60
811
852
0 20 71 89
20 0 13 42
71 13 0 38
89 42 38 0
0 376 447 -1 468 425 192 413
376 0 487 275 260 440 411 167
447 487 0 -1 402 -1 225 229
-1 275 -1 0 223 59 220 346
468 260 402 223 0 326 245 169
425 440 -1 59 326 0 493 257
192 411 225 220 245 493 0 172
413 167 229 346 169 257 172 0
