4
1455
2615
2558
731
8
733
403
334
797
552
666
385
678
0 88 -1 50
88 0 8 64
-1 8 0 37
50 64 37 0
0 468 308 278 410 123 464 219
468 0 96 223 103 -1 361 409
308 96 0 -1 407 -1 175 97
278 223 -1 0 207 -1 435 114
410 103 407 207 0 374 245 26
123 -1 -1 -1 374 0 63 138
464 361 175 435 245 63 0 297
219 409 97 114 26 138 297 0
