4
2651
311
2709
1555
8
733
111
367
130
264
487
440
654
0 55 44 51
55 0 71 72
44 71 0 72
51 72 72 0
0 119 181 204 34 277 490 5
119 0 443 21 61 360 272 72
181 443 0 21 138 317 375 180
204 21 21 0 289 196 282 352
34 61 138 289 0 228 250 190
277 360 317 196 228 0 133 419
490 272 375 282 250 133 0 -1
5 72 180 352 190 419 -1 0
