3
2254
2760
1300
6
645
472
286
74
580
822
0 23 81
23 0 87
81 87 0
0 262 233 493 -1 344
262 0 344 16 -1 445
233 344 0 373 115 -1
493 16 373 0 333 307
-1 -1 115 333 0 270
344 445 -1 307 270 0
