3
787
2322
480
6
202
989
734
111
48
644
0 10 30
10 0 10
30 10 0
0 -1 257 141 433 270
-1 0 67 377 110 118
257 67 0 377 288 436
141 377 377 0 250 363
433 110 288 250 0 244
270 118 436 363 244 0
