4
2891
1303
1478
1598
8
569
322
669
758
141
756
665
910
0 92 52 -1
92 0 42 80
52 42 0 -1
-1 80 -1 0
0 -1 474 385 -1 -1 -1 490
-1 0 226 101 -1 -1 58 405
474 226 0 465 347 98 403 271
385 101 465 0 486 7 167 76
-1 -1 347 486 0 49 180 451
-1 -1 98 7 49 0 18 -1
-1 58 403 167 180 18 0 368
490 405 271 76 451 -1 368 0
