3
1996
1600
1999
6
267
746
383
162
289
502
0 74 35
74 0 44
35 44 0
0 371 257 -1 -1 46
371 0 279 21 313 95
257 279 0 393 291 433
-1 21 393 0 191 16
-1 313 291 191 0 68
46 95 433 16 68 0
