4
2997
2516
1564
2948
8
363
32
771
615
643
510
439
720
0 18 31 67
18 0 100 -1
31 100 0 90
67 -1 90 0
0 -1 361 198 -1 486 237 196
-1 0 190 148 179 54 481 336
361 190 0 80 290 171 373 497
198 148 80 0 328 151 -1 421
-1 179 290 328 0 115 55 -1
486 54 171 151 115 0 329 176
237 481 373 -1 55 329 0 -1
196 336 497 421 -1 176 -1 0
