4
2311
1120
2346
968
8
617
59
666
455
839
888
161
342
0 20 96 -1
20 0 29 -1
96 29 0 48
-1 -1 48 0
0 357 241 404 421 357 488 155
357 0 -1 29 296 -1 -1 319
241 -1 0 484 283 -1 -1 246
404 29 484 0 95 48 347 351
421 296 283 95 0 -1 -1 196
357 -1 -1 48 -1 0 -1 381
488 -1 -1 347 -1 -1 0 223
155 319 246 351 196 381 223 0
