3
1793
1311
516
6
595
241
340
338
990
158
0 59 6
59 0 45
6 45 0
0 157 334 448 333 258
157 0 97 -1 459 73
334 97 0 161 360 34
448 -1 161 0 187 61
333 459 360 187 0 215
258 73 34 61 215 0
