3
2935
2897
2446
6
849
409
90
537
854
515
0 27 32
27 0 88
32 88 0
0 40 388 394 101 455
40 0 209 99 485 408
388 209 0 74 309 243
394 99 74 0 391 75
101 485 309 391 0 123
455 408 243 75 123 0
