4
887
2541
1943
1005
8
498
523
460
20
307
346
168
770
0 75 15 73
75 0 -1 95
15 -1 0 29
73 95 29 0
0 309 74 203 292 287 479 408
309 0 193 235 228 474 -1 65
74 193 0 351 -1 25 -1 157
203 235 351 0 410 -1 -1 420
292 228 -1 410 0 2 -1 203
287 474 25 -1 2 0 -1 -1
479 -1 -1 -1 -1 -1 0 -1
408 65 157 420 203 -1 -1 0
