4
1615
1741
1260
2454
8
716
972
365
354
982
287
715
662
0 33 42 25
33 0 65 46
42 65 0 -1
25 46 -1 0
0 100 33 28 132 138 309 226
100 0 355 282 230 487 389 312
33 355 0 46 91 96 443 433
28 282 46 0 202 97 387 -1
132 230 91 202 0 381 465 275
138 487 96 97 381 0 -1 172
309 389 443 387 465 -1 0 -1
226 312 433 -1 275 172 -1 0
