3
2
2188
1283
6
627
46
337
6
624
944
0 21 55
21 0 81
55 81 0
0 215 -1 -1 126 174
215 0 97 321 193 142
-1 97 0 414 170 259
-1 321 414 0 429 122
126 193 170 429 0 64
174 142 259 122 64 0
