4
2759
711
351
2927
8
130
432
298
89
808
437
507
233
0 34 31 -1
34 0 80 26
31 80 0 25
-1 26 25 0
0 85 381 210 -1 -1 124 466
85 0 128 284 233 464 444 242
381 128 0 467 117 376 191 255
210 284 467 0 250 197 381 459
-1 233 117 250 0 24 -1 421
-1 464 376 197 24 0 420 79
124 444 191 381 -1 420 0 -1
466 242 255 459 421 79 -1 0
