3
2424
2178
2829
6
493
699
551
971
571
761
0 61 41
61 0 96
41 96 0
0 272 486 288 -1 267
272 0 -1 119 -1 344
486 -1 0 386 213 352
288 119 386 0 368 84
-1 -1 213 368 0 342
267 344 352 84 342 0
