3
1329
2397
2187
6
801
517
958
372
644
89
0 28 66
28 0 85
66 85 0
0 61 154 472 450 316
61 0 -1 95 363 28
154 -1 0 366 91 429
472 95 366 0 34 144
450 363 91 34 0 162
316 28 429 144 162 0
