4
2190
612
2413
694
8
502
437
393
969
823
374
87
775
0 90 81 -1
90 0 13 23
81 13 0 40
-1 23 40 0
0 92 453 84 128 122 157 454
92 0 476 198 -1 227 421 464
453 476 0 346 311 367 289 220
84 198 346 0 256 418 238 -1
128 -1 311 256 0 460 251 285
122 227 367 418 460 0 346 421
157 421 289 238 251 346 0 120
454 464 220 -1 285 421 120 0
