4
901
571
1485
2525
8
615
771
246
946
768
14
775
17
0 73 93 39
73 0 57 25
93 57 0 12
39 25 12 0
0 472 483 450 199 -1 87 208
472 0 149 -1 -1 404 349 -1
483 149 0 185 415 84 493 473
450 -1 185 0 -1 -1 338 -1
199 -1 415 -1 0 -1 142 181
-1 404 84 -1 -1 0 318 367
87 349 493 338 142 318 0 102
208 -1 473 -1 181 367 102 0
