3
1315
1405
1737
6
604
920
605
146
328
398
0 86 -1
86 0 36
-1 36 0
0 -1 342 449 58 39
-1 0 103 209 276 390
342 103 0 197 76 446
449 209 197 0 160 443
58 276 76 160 0 229
39 390 446 443 229 0
