3
1043
2528
1779
6
668
424
881
949
223
115
0 94 40
94 0 52
40 52 0
0 29 374 48 114 95
29 0 65 210 268 136
374 65 0 285 475 498
48 210 285 0 319 89
114 268 475 319 0 263
95 136 498 89 263 0
