4
661
2450
1816
101
8
114
102
521
187
170
636
210
987
0 31 31 45
31 0 76 17
31 76 0 22
45 17 22 0
0 64 320 23 396 148 163 -1
64 0 188 -1 421 398 285 -1
320 188 0 347 109 275 280 290
23 -1 347 0 312 -1 -1 -1
396 421 109 312 0 54 466 -1
148 398 275 -1 54 0 -1 108
163 285 280 -1 466 -1 0 -1
-1 -1 290 -1 -1 108 -1 0
