4
2332
2785
1469
1364
8
217
94
662
233
957
852
829
637
0 -1 60 76
-1 0 44 95
60 44 0 54
76 95 54 0
0 496 453 323 -1 407 69 152
496 0 156 -1 424 81 35 259
453 156 0 31 118 281 453 441
323 -1 31 0 188 112 258 490
-1 424 118 188 0 468 344 -1
407 81 281 112 468 0 493 196
69 35 453 258 344 493 0 330
152 259 441 490 -1 196 330 0
