4
1022
1058
256
2218
8
411
177
385
141
36
715
607
740
0 44 23 75
44 0 29 77
23 29 0 86
75 77 86 0
0 123 200 186 -1 227 94 54
123 0 427 -1 314 296 56 235
200 427 0 342 301 442 164 -1
186 -1 342 0 -1 76 81 359
-1 314 301 -1 0 219 283 -1
227 296 442 76 219 0 187 344
94 56 164 81 283 187 0 191
54 235 -1 359 -1 344 191 0
