4
1958
2314
1709
2718
8
440
417
281
754
942
306
610
976
0 34 51 45
34 0 84 57
51 84 0 20
45 57 20 0
0 388 189 -1 42 35 328 -1
388 0 -1 223 -1 101 -1 -1
189 -1 0 308 263 481 -1 -1
-1 223 308 0 238 385 -1 126
42 -1 263 238 0 -1 131 -1
35 101 481 385 -1 0 -1 -1
328 -1 -1 -1 131 -1 0 145
-1 -1 -1 126 -1 -1 145 0
