3
2402
1306
1018
6
706
1
977
526
348
413
0 98 14
98 0 90
14 90 0
0 206 -1 406 152 187
206 0 329 364 157 102
-1 329 0 451 476 120
406 364 451 0 449 460
152 157 476 449 0 492
187 102 120 460 492 0
