4
1116
1658
2822
2149
8
162
152
284
919
442
96
335
290
0 -1 26 78
-1 0 26 26
26 26 0 60
78 26 60 0
0 96 -1 216 -1 -1 -1 390
96 0 -1 20 206 26 288 418
-1 -1 0 54 109 327 416 265
216 20 54 0 180 128 391 33
-1 206 109 180 0 -1 -1 324
-1 26 327 128 -1 0 91 -1
-1 288 416 391 -1 91 0 344
390 418 265 33 324 -1 344 0
