3
2750
677
2395
6
477
945
355
571
475
84
0 57 48
57 0 93
48 93 0
0 229 299 276 387 118
229 0 252 32 125 43
299 252 0 41 373 341
276 32 41 0 -1 237
387 125 373 -1 0 220
118 43 341 237 220 0
