4
1873
2575
2697
2286
8
940
105
719
36
986
540
759
64
0 47 88 28
47 0 -1 26
88 -1 0 -1
28 26 -1 0
0 476 381 323 -1 471 423 -1
476 0 437 176 284 48 66 451
381 437 0 100 247 32 451 386
323 176 100 0 233 433 280 113
-1 284 247 233 0 -1 -1 -1
471 48 32 433 -1 0 -1 337
423 66 451 280 -1 -1 0 278
-1 451 386 113 -1 337 278 0
