4
2343
1696
2984
831
8
153
983
791
676
345
244
577
882
0 16 78 48
16 0 -1 97
78 -1 0 5
48 97 5 0
0 -1 293 267 233 86 276 -1
-1 0 30 248 462 126 90 337
293 30 0 135 96 109 200 -1
267 248 135 0 273 191 315 36
233 462 96 273 0 109 272 139
86 126 109 191 109 0 374 -1
276 90 200 315 272 374 0 195
-1 337 -1 36 139 -1 195 0
