4
2596
2176
2638
2785
8
497
818
425
867
802
472
618
363
0 11 36 98
11 0 16 96
36 16 0 57
98 96 57 0
0 490 139 238 431 167 368 449
490 0 338 62 -1 269 124 50
139 338 0 281 370 76 241 272
238 62 281 0 94 132 496 -1
431 -1 370 94 0 131 162 448
167 269 76 132 131 0 257 414
368 124 241 496 162 257 0 10
449 50 272 -1 448 414 10 0
