4
2288
2973
1202
2292
8
529
422
863
763
653
975
509
147
0 9 43 7
9 0 42 61
43 42 0 48
7 61 48 0
0 -1 156 -1 -1 289 8 360
-1 0 246 355 212 314 494 -1
156 246 0 19 411 425 348 381
-1 355 19 0 454 482 390 -1
-1 212 411 454 0 219 -1 391
289 314 425 482 219 0 229 123
8 494 348 390 -1 229 0 299
360 -1 381 -1 391 123 299 0
