4
2771
2916
616
1210
8
209
593
851
511
533
370
767
926
0 59 77 61
59 0 24 59
77 24 0 28
61 59 28 0
0 100 87 276 433 489 357 368
100 0 464 104 124 179 249 430
87 464 0 -1 -1 159 345 437
276 104 -1 0 456 272 -1 472
433 124 -1 456 0 -1 -1 387
489 179 159 272 -1 0 311 425
357 249 345 -1 -1 311 0 -1
368 430 437 472 387 425 -1 0
