3
356
2488
2042
6
490
379
249
4
578
868
0 10 83
10 0 91
83 91 0
0 169 74 70 -1 415
169 0 315 330 51 156
74 315 0 197 201 463
70 330 197 0 256 245
-1 51 201 256 0 45
415 156 463 245 45 0
