4
1758
1359
1288
1707
8
39
67
730
629
598
686
73
759
0 20 -1 -1
20 0 63 65
-1 63 0 6
-1 65 6 0
0 305 217 -1 -1 91 -1 -1
305 0 77 402 448 383 293 210
217 77 0 136 338 346 430 390
-1 402 136 0 -1 260 -1 226
-1 448 338 -1 0 -1 355 376
91 383 346 260 -1 0 355 314
-1 293 430 -1 355 355 0 -1
-1 210 390 226 376 314 -1 0
