3
1512
1382
2678
6
848
904
936
554
542
241
0 1 14
1 0 77
14 77 0
0 336 369 492 183 447
336 0 361 367 450 33
369 361 0 220 71 322
492 367 220 0 266 130
183 450 71 266 0 66
447 33 322 130 66 0
