4
799
2155
1975
2398
8
296
673
776
113
49
982
491
988
0 83 1 95
83 0 81 6
1 81 0 43
95 6 43 0
0 366 66 61 99 374 70 147
366 0 72 165 178 318 111 21
66 72 0 108 420 -1 477 14
61 165 108 0 1 95 429 289
99 178 420 1 0 202 361 143
374 318 -1 95 202 0 107 167
70 111 477 429 361 107 0 192
147 21 14 289 143 167 192 0
