4
2206
213
461
2973
8
66
71
973
699
575
86
478
465
0 68 8 43
68 0 74 17
8 74 0 9
43 17 9 0
0 -1 -1 -1 262 109 -1 -1
-1 0 445 -1 499 426 -1 60
-1 445 0 -1 -1 93 311 -1
-1 -1 -1 0 -1 105 452 -1
262 499 -1 -1 0 395 -1 -1
109 426 93 105 395 0 138 232
-1 -1 311 452 -1 138 0 158
-1 60 -1 -1 -1 232 158 0
