4
834
2708
867
1555
8
385
739
753
619
838
955
365
858
0 64 70 -1
64 0 52 72
70 52 0 62
-1 72 62 0
0 458 1 469 237 472 -1 184
458 0 98 364 156 2 27 462
1 98 0 356 154 379 -1 392
469 364 356 0 316 50 -1 491
237 156 154 316 0 233 63 -1
472 2 379 50 233 0 402 231
-1 27 -1 -1 63 402 0 281
184 462 392 491 -1 231 281 0
