4
2939
1087
1163
1920
8
466
733
485
695
304
267
490
359
0 -1 35 100
-1 0 85 14
35 85 0 32
100 14 32 0
0 57 384 209 296 101 80 92
57 0 438 128 -1 179 -1 -1
384 438 0 102 -1 358 74 -1
209 128 102 0 411 370 244 90
296 -1 -1 411 0 93 439 -1
101 179 358 370 93 0 458 -1
80 -1 74 244 439 458 0 406
92 -1 -1 90 -1 -1 406 0
