4
2434
1289
487
1110
8
707
142
246
775
515
383
478
545
0 2 49 33
2 0 25 92
49 25 0 65
33 92 65 0
0 196 245 309 346 220 -1 -1
196 0 12 117 -1 487 386 317
245 12 0 450 -1 183 189 -1
309 117 450 0 -1 55 205 -1
346 -1 -1 -1 0 -1 247 137
220 487 183 55 -1 0 401 100
-1 386 189 205 247 401 0 14
-1 317 -1 -1 137 100 14 0
