4
1892
210
2169
708
8
882
563
675
65
107
103
455
679
0 63 -1 40
63 0 -1 14
-1 -1 0 -1
40 14 -1 0
0 423 423 119 409 399 289 150
423 0 234 319 -1 230 149 67
423 234 0 384 447 130 403 408
119 319 384 0 189 24 396 45
409 -1 447 189 0 -1 55 -1
399 230 130 24 -1 0 180 -1
289 149 403 396 55 180 0 25
150 67 408 45 -1 -1 25 0
