4
1893
2159
1854
1899
8
574
913
96
494
181
932
422
405
0 16 24 90
16 0 75 32
24 75 0 35
90 32 35 0
0 449 460 -1 -1 428 -1 -1
449 0 158 415 435 -1 -1 -1
460 158 0 462 213 122 440 203
-1 415 462 0 139 -1 -1 -1
-1 435 213 139 0 373 192 122
428 -1 122 -1 373 0 -1 310
-1 -1 440 -1 192 -1 0 -1
-1 -1 203 -1 122 310 -1 0
