3
2884
214
1875
6
504
555
642
793
810
765
0 12 23
12 0 55
23 55 0
0 401 6 154 358 426
401 0 225 416 428 -1
6 225 0 443 228 377
154 416 443 0 119 401
358 428 228 119 0 292
426 -1 377 401 292 0
