3
2656
2544
2173
6
649
382
523
539
722
790
0 76 96
76 0 67
96 67 0
0 -1 54 330 321 341
-1 0 485 235 288 190
54 485 0 489 296 47
330 235 489 0 221 399
321 288 296 221 0 204
341 190 47 399 204 0
