4
1094
1592
1667
1645
8
557
752
238
402
968
546
21
269
0 70 75 46
70 0 21 -1
75 21 0 85
46 -1 85 0
0 88 253 461 184 240 246 89
88 0 -1 -1 432 25 425 186
253 -1 0 -1 417 373 173 348
461 -1 -1 0 448 362 463 -1
184 432 417 448 0 143 428 120
240 25 373 362 143 0 125 140
246 425 173 463 428 125 0 168
89 186 348 -1 120 140 168 0
