4
1193
531
1362
2792
8
109
324
3
737
159
794
719
632
0 29 9 23
29 0 38 50
9 38 0 31
23 50 31 0
0 497 390 398 302 159 183 171
497 0 139 232 46 418 463 -1
390 139 0 80 231 442 305 455
398 232 80 0 239 76 315 208
302 46 231 239 0 114 483 21
159 418 442 76 114 0 464 -1
183 463 305 315 483 464 0 329
171 -1 455 208 21 -1 329 0
