4
1931
645
2852
2344
8
420
62
58
632
451
825
501
102
0 -1 86 92
-1 0 9 36
86 9 0 66
92 36 66 0
0 446 454 39 3 127 208 29
446 0 254 470 -1 238 149 73
454 254 0 413 328 421 410 231
39 470 413 0 317 190 250 365
3 -1 328 317 0 328 260 474
127 238 421 190 328 0 133 495
208 149 410 250 260 133 0 216
29 73 231 365 474 495 216 0
