3
2107
383
2503
6
575
208
270
332
979
251
0 22 76
22 0 81
76 81 0
0 -1 284 408 469 62
-1 0 377 337 458 63
284 377 0 345 258 312
408 337 345 0 136 2
469 458 258 136 0 221
62 63 312 2 221 0
