4
1010
1352
1652
1723
8
241
842
20
168
125
759
116
945
0 12 99 37
12 0 60 58
99 60 0 6
37 58 6 0
0 247 -1 239 -1 492 365 68
247 0 133 310 495 245 413 54
-1 133 0 346 -1 431 493 -1
239 310 346 0 467 435 447 211
-1 495 -1 467 0 202 187 359
492 245 431 435 202 0 479 92
365 413 493 447 187 479 0 406
68 54 -1 211 359 92 406 0
