4
1412
812
2787
2599
8
268
353
952
955
810
641
471
726
0 41 79 61
41 0 13 4
79 13 0 22
61 4 22 0
0 138 269 275 75 358 100 214
138 0 91 410 126 336 317 188
269 91 0 426 262 419 177 126
275 410 426 0 345 92 324 381
75 126 262 345 0 481 87 449
358 336 419 92 481 0 2 378
100 317 177 324 87 2 0 151
214 188 126 381 449 378 151 0
