3
148
2037
1781
6
642
524
460
560
199
568
0 51 4
51 0 4
4 4 0
0 214 234 197 42 323
214 0 96 241 -1 247
234 96 0 149 312 1
197 241 149 0 78 -1
42 -1 312 78 0 163
323 247 1 -1 163 0
