4
657
2016
2905
2872
8
423
997
76
735
3
720
886
368
0 45 11 59
45 0 9 12
11 9 0 21
59 12 21 0
0 5 356 485 37 391 323 172
5 0 298 121 462 59 66 349
356 298 0 68 408 -1 198 252
485 121 68 0 391 -1 452 496
37 462 408 391 0 411 110 373
391 59 -1 -1 411 0 -1 445
323 66 198 452 110 -1 0 411
172 349 252 496 373 445 411 0
