4
1861
1670
35
1226
8
623
808
174
527
169
300
914
31
0 78 -1 80
78 0 90 18
-1 90 0 -1
80 18 -1 0
0 124 69 211 116 488 384 262
124 0 445 -1 -1 -1 98 -1
69 445 0 460 402 392 71 214
211 -1 460 0 405 70 -1 325
116 -1 402 405 0 331 -1 393
488 -1 392 70 331 0 222 82
384 98 71 -1 -1 222 0 -1
262 -1 214 325 393 82 -1 0
