3
1542
1452
1760
6
364
524
970
582
261
810
0 18 62
18 0 -1
62 -1 0
0 -1 -1 239 400 394
-1 0 429 274 14 22
-1 429 0 377 110 142
239 274 377 0 261 281
400 14 110 261 0 121
394 22 142 281 121 0
