3
2274
1208
2209
6
801
683
955
379
484
680
0 1 2
1 0 90
2 90 0
0 338 398 95 334 319
338 0 -1 100 486 255
398 -1 0 477 277 396
95 100 477 0 -1 145
334 486 277 -1 0 184
319 255 396 145 184 0
