3
1356
1045
1291
6
933
372
25
988
604
598
0 -1 38
-1 0 94
38 94 0
0 287 -1 49 101 169
287 0 51 493 418 311
-1 51 0 175 477 232
49 493 175 0 167 8
101 418 477 167 0 465
169 311 232 8 465 0
