4
2080
465
1838
1532
8
838
672
517
22
490
678
735
115
0 90 86 -1
90 0 86 48
86 86 0 99
-1 48 99 0
0 417 185 96 247 -1 368 489
417 0 92 -1 346 381 157 335
185 92 0 61 169 477 268 60
96 -1 61 0 394 379 2 83
247 346 169 394 0 123 382 283
-1 381 477 379 123 0 122 181
368 157 268 2 382 122 0 97
489 335 60 83 283 181 97 0
