4
1398
1023
338
2485
8
114
618
375
510
623
660
372
561
0 9 31 74
9 0 49 85
31 49 0 72
74 85 72 0
0 294 449 41 218 290 -1 -1
294 0 475 394 373 388 435 122
449 475 0 -1 93 396 52 487
41 394 -1 0 468 264 348 318
218 373 93 468 0 277 228 465
290 388 396 264 277 0 336 462
-1 435 52 348 228 336 0 320
-1 122 487 318 465 462 320 0
