3
851
2831
2649
6
84
992
34
752
509
595
0 27 78
27 0 50
78 50 0
0 453 478 140 155 241
453 0 418 351 226 329
478 418 0 116 24 183
140 351 116 0 4 -1
155 226 24 4 0 214
241 329 183 -1 214 0
