3
1227
2364
691
6
191
830
997
214
362
291
0 84 37
84 0 81
37 81 0
0 90 336 92 81 301
90 0 150 434 276 251
336 150 0 20 458 138
92 434 20 0 348 185
81 276 458 348 0 60
301 251 138 185 60 0
