4
805
2702
640
1887
8
840
699
943
954
569
222
324
582
0 53 2 41
53 0 79 14
2 79 0 89
41 14 89 0
0 43 402 248 231 384 173 204
43 0 430 41 318 124 358 404
402 430 0 387 -1 -1 338 452
248 41 387 0 -1 345 17 -1
231 318 -1 -1 0 -1 485 355
384 124 -1 345 -1 0 431 127
173 358 338 17 485 431 0 -1
204 404 452 -1 355 127 -1 0
