4
2082
1280
2586
1372
8
859
586
952
50
986
305
315
225
0 28 -1 65
28 0 3 51
-1 3 0 77
65 51 77 0
0 340 19 404 137 483 77 83
340 0 -1 125 77 306 247 228
19 -1 0 286 151 78 100 177
404 125 286 0 299 208 328 372
137 77 151 299 0 400 -1 -1
483 306 78 208 400 0 397 330
77 247 100 328 -1 397 0 98
83 228 177 372 -1 330 98 0
