4
819
2413
1890
2584
8
197
798
746
300
980
615
867
755
0 69 34 96
69 0 39 20
34 39 0 23
96 20 23 0
0 9 311 334 23 118 458 6
9 0 459 -1 298 127 -1 -1
311 459 0 368 398 33 156 109
334 -1 368 0 -1 147 152 -1
23 298 398 -1 0 27 329 167
118 127 33 147 27 0 248 270
458 -1 156 152 329 248 0 -1
6 -1 109 -1 167 270 -1 0
