3
2145
2111
19
6
681
458
769
760
269
152
0 38 83
38 0 94
83 94 0
0 292 224 240 237 -1
292 0 219 46 471 414
224 219 0 361 211 395
240 46 361 0 478 143
237 471 211 478 0 189
-1 414 395 143 189 0
