4
592
939
1954
1283
8
224
112
294
995
170
519
613
514
0 31 79 42
31 0 60 57
79 60 0 72
42 57 72 0
0 393 193 493 -1 -1 54 72
393 0 470 150 379 226 254 411
193 470 0 359 141 312 371 332
493 150 359 0 483 298 99 288
-1 379 141 483 0 -1 76 344
-1 226 312 298 -1 0 373 251
54 254 371 99 76 373 0 370
72 411 332 288 344 251 370 0
