3
2230
1513
626
6
80
736
725
55
772
724
0 65 51
65 0 19
51 19 0
0 348 465 8 331 244
348 0 -1 488 53 206
465 -1 0 -1 410 61
8 488 -1 0 117 23
331 53 410 117 0 38
244 206 61 23 38 0
