4
1883
2106
2595
1492
8
557
284
809
638
165
52
694
565
0 63 8 57
63 0 36 31
8 36 0 1
57 31 1 0
0 71 -1 -1 67 -1 259 24
71 0 293 41 240 216 456 110
-1 293 0 37 416 469 111 249
-1 41 37 0 -1 1 330 177
67 240 416 -1 0 442 177 55
-1 216 469 1 442 0 458 180
259 456 111 330 177 458 0 179
24 110 249 177 55 180 179 0
