4
956
1735
741
2288
8
715
941
67
618
104
258
489
583
0 32 96 4
32 0 68 48
96 68 0 59
4 48 59 0
0 155 20 348 4 147 254 -1
155 0 18 465 19 101 18 227
20 18 0 157 347 415 255 62
348 465 157 0 292 386 224 359
4 19 347 292 0 208 499 370
147 101 415 386 208 0 118 492
254 18 255 224 499 118 0 304
-1 227 62 359 370 492 304 0
