4
1339
2837
1735
1669
8
513
104
376
617
210
151
375
29
0 -1 -1 76
-1 0 23 71
-1 23 0 4
76 71 4 0
0 -1 337 331 194 -1 328 122
-1 0 75 304 350 -1 398 -1
337 75 0 245 312 -1 87 447
331 304 245 0 353 -1 -1 263
194 350 312 353 0 214 82 125
-1 -1 -1 -1 214 0 306 316
328 398 87 -1 82 306 0 438
122 -1 447 263 125 316 438 0
