4
1872
2383
1076
1071
8
592
249
354
526
673
184
641
963
0 63 66 70
63 0 38 77
66 38 0 29
70 77 29 0
0 -1 266 318 24 31 338 -1
-1 0 81 -1 -1 191 169 -1
266 81 0 74 -1 295 120 246
318 -1 74 0 -1 97 -1 443
24 -1 -1 -1 0 -1 -1 -1
31 191 295 97 -1 0 201 -1
338 169 120 -1 -1 201 0 -1
-1 -1 246 443 -1 -1 -1 0
