4
330
2632
2863
1130
8
160
466
522
688
388
978
329
505
0 19 59 -1
19 0 35 18
59 35 0 66
-1 18 66 0
0 307 340 128 -1 51 175 266
307 0 196 141 -1 328 470 85
340 196 0 -1 -1 140 340 259
128 141 -1 0 443 54 273 382
-1 -1 -1 443 0 453 -1 -1
51 328 140 54 453 0 97 428
175 470 340 273 -1 97 0 476
266 85 259 382 -1 428 476 0
