4
2819
2852
1337
224
8
416
357
298
914
170
510
296
318
0 30 95 6
30 0 35 3
95 35 0 9
6 3 9 0
0 469 136 437 455 26 64 220
469 0 -1 323 224 -1 -1 22
136 -1 0 421 131 392 44 296
437 323 421 0 196 112 150 415
455 224 131 196 0 54 148 442
26 -1 392 112 54 0 202 306
64 -1 44 150 148 202 0 458
220 22 296 415 442 306 458 0
