4
2944
2952
985
42
8
891
169
248
193
95
884
694
934
0 79 16 38
79 0 69 16
16 69 0 71
38 16 71 0
0 322 -1 333 383 49 442 -1
322 0 385 181 213 -1 323 407
-1 385 0 277 410 -1 118 22
333 181 277 0 446 464 439 30
383 213 410 446 0 149 368 249
49 -1 -1 464 149 0 228 -1
442 323 118 439 368 228 0 247
-1 407 22 30 249 -1 247 0
