4
1236
2270
1217
966
8
431
576
887
819
911
910
595
6
0 85 91 90
85 0 -1 65
91 -1 0 45
90 65 45 0
0 212 167 473 62 251 110 317
212 0 -1 222 422 392 474 205
167 -1 0 -1 217 -1 428 200
473 222 -1 0 360 -1 500 155
62 422 217 360 0 479 -1 -1
251 392 -1 -1 479 0 441 222
110 474 428 500 -1 441 0 471
317 205 200 155 -1 222 471 0
