4
2537
2041
569
2369
8
60
900
426
8
714
960
246
497
0 15 50 88
15 0 95 20
50 95 0 -1
88 20 -1 0
0 375 -1 284 439 289 458 118
375 0 463 134 297 116 20 308
-1 463 0 81 393 340 -1 27
284 134 81 0 266 47 242 184
439 297 393 266 0 204 201 -1
289 116 340 47 204 0 134 463
458 20 -1 242 201 134 0 500
118 308 27 184 -1 463 500 0
