3
1911
2772
1941
6
346
412
524
498
950
560
0 14 84
14 0 3
84 3 0
0 66 304 197 273 325
66 0 291 -1 43 315
304 291 0 295 373 271
197 -1 295 0 169 481
273 43 373 169 0 115
325 315 271 481 115 0
