4
1796
1565
2186
973
8
875
784
104
921
366
322
762
21
0 4 50 14
4 0 20 11
50 20 0 -1
14 11 -1 0
0 -1 33 477 343 -1 313 330
-1 0 23 -1 235 266 -1 186
33 23 0 121 20 371 292 420
477 -1 121 0 174 98 345 211
343 235 20 174 0 89 326 367
-1 266 371 98 89 0 413 279
313 -1 292 345 326 413 0 212
330 186 420 211 367 279 212 0
