3
2539
469
2448
6
929
371
141
625
946
461
0 56 96
56 0 39
96 39 0
0 400 103 220 -1 51
400 0 464 156 146 446
103 464 0 166 94 2
220 156 166 0 64 239
-1 146 94 64 0 21
51 446 2 239 21 0
