4
1180
1729
2000
518
8
138
892
177
709
551
467
467
299
0 88 31 76
88 0 13 26
31 13 0 49
76 26 49 0
0 432 405 261 152 355 382 78
432 0 98 -1 306 261 -1 490
405 98 0 48 310 475 484 5
261 -1 48 0 -1 -1 -1 85
152 306 310 -1 0 -1 -1 449
355 261 475 -1 -1 0 197 -1
382 -1 484 -1 -1 197 0 262
78 490 5 85 449 -1 262 0
