3
1098
2784
2771
6
673
117
295
969
310
856
0 86 64
86 0 46
64 46 0
0 438 14 283 384 489
438 0 161 158 391 239
14 161 0 198 9 331
283 158 198 0 342 -1
384 391 9 342 0 266
489 239 331 -1 266 0
