4
1803
1272
1463
1693
8
158
715
896
681
233
844
697
508
0 -1 99 37
-1 0 9 -1
99 9 0 52
37 -1 52 0
0 -1 -1 172 134 82 -1 191
-1 0 -1 95 76 189 -1 262
-1 -1 0 -1 -1 340 195 103
172 95 -1 0 344 471 122 409
134 76 -1 344 0 245 110 474
82 189 340 471 245 0 478 181
-1 -1 195 122 110 478 0 458
191 262 103 409 474 181 458 0
