3
2415
2549
2057
6
646
631
168
6
859
621
0 47 72
47 0 74
72 74 0
0 12 379 136 497 138
12 0 419 485 331 500
379 419 0 330 -1 117
136 485 330 0 421 -1
497 331 -1 421 0 124
138 500 117 -1 124 0
