3
3000
2812
2934
6
359
917
380
738
50
606
0 45 20
45 0 32
20 32 0
0 461 418 391 351 392
461 0 367 351 36 234
418 367 0 307 107 205
391 351 307 0 412 144
351 36 107 412 0 203
392 234 205 144 203 0
