4
595
1057
1866
1703
8
930
759
580
152
97
961
619
126
0 61 -1 45
61 0 13 63
-1 13 0 29
45 63 29 0
0 -1 46 -1 273 -1 148 353
-1 0 57 -1 319 168 -1 -1
46 57 0 212 118 422 39 458
-1 -1 212 0 346 181 448 303
273 319 118 346 0 482 186 452
-1 168 422 181 482 0 160 399
148 -1 39 448 186 160 0 400
353 -1 458 303 452 399 400 0
