4
2816
558
2713
314
8
430
846
797
524
71
955
389
471
0 -1 62 -1
-1 0 38 28
62 38 0 53
-1 28 53 0
0 254 352 127 338 338 3 51
254 0 254 -1 -1 -1 -1 212
352 254 0 -1 -1 -1 385 413
127 -1 -1 0 52 -1 311 361
338 -1 -1 52 0 113 -1 189
338 -1 -1 -1 113 0 217 -1
3 -1 385 311 -1 217 0 260
51 212 413 361 189 -1 260 0
