4
793
1081
2467
1580
8
534
914
773
479
408
409
49
53
0 63 94 -1
63 0 67 82
94 67 0 -1
-1 82 -1 0
0 2 289 2 411 101 55 481
2 0 82 127 379 441 64 217
289 82 0 321 155 -1 166 270
2 127 321 0 352 446 309 -1
411 379 155 352 0 487 112 -1
101 441 -1 446 487 0 167 475
55 64 166 309 112 167 0 240
481 217 270 -1 -1 475 240 0
