3
1783
725
2707
6
405
793
737
462
694
662
0 -1 16
-1 0 71
16 71 0
0 330 227 -1 -1 210
330 0 347 -1 49 422
227 347 0 410 401 347
-1 -1 410 0 170 69
-1 49 401 170 0 143
210 422 347 69 143 0
