4
1866
1035
331
882
8
480
499
759
396
247
177
412
663
0 14 37 74
14 0 74 43
37 74 0 81
74 43 81 0
0 470 370 256 299 94 236 146
470 0 218 461 267 -1 113 -1
370 218 0 453 100 39 291 243
256 461 453 0 474 324 7 161
299 267 100 474 0 170 219 471
94 -1 39 324 170 0 287 375
236 113 291 7 219 287 0 299
146 -1 243 161 471 375 299 0
