4
2499
2590
1884
1490
8
432
569
338
334
941
890
819
376
0 30 91 50
30 0 16 81
91 16 0 82
50 81 82 0
0 -1 -1 80 -1 8 254 29
-1 0 279 -1 -1 99 125 49
-1 279 0 474 248 134 394 250
80 -1 474 0 253 219 220 45
-1 -1 248 253 0 -1 60 -1
8 99 134 219 -1 0 353 284
254 125 394 220 60 353 0 -1
29 49 250 45 -1 284 -1 0
