3
2442
2781
1826
6
826
515
199
530
931
406
0 50 55
50 0 19
55 19 0
0 141 100 96 160 -1
141 0 276 287 14 255
100 276 0 2 225 76
96 287 2 0 351 33
160 14 225 351 0 143
-1 255 76 33 143 0
