3
1526
70
2264
6
883
472
860
259
96
6
0 70 62
70 0 66
62 66 0
0 231 444 373 367 315
231 0 464 442 33 160
444 464 0 58 260 419
373 442 58 0 304 348
367 33 260 304 0 283
315 160 419 348 283 0
