3
912
590
1741
6
888
373
365
269
786
204
0 83 15
83 0 90
15 90 0
0 245 142 24 111 318
245 0 357 405 249 5
142 357 0 415 186 315
24 405 415 0 71 453
111 249 186 71 0 369
318 5 315 453 369 0
