3
2253
467
2999
6
781
852
654
1
365
846
0 2 66
2 0 12
66 12 0
0 139 240 405 490 145
139 0 180 84 485 216
240 180 0 350 147 245
405 84 350 0 205 270
490 485 147 205 0 -1
145 216 245 270 -1 0
