3
615
2954
2052
6
230
988
985
561
644
654
0 31 31
31 0 45
31 45 0
0 5 427 457 279 499
5 0 418 381 380 418
427 418 0 330 110 -1
457 381 330 0 287 152
279 380 110 287 0 242
499 418 -1 152 242 0
