3
2333
938
888
6
172
498
536
27
609
566
0 34 70
34 0 -1
70 -1 0
0 30 318 201 451 168
30 0 172 376 -1 -1
318 172 0 294 429 213
201 376 294 0 122 373
451 -1 429 122 0 145
168 -1 213 373 145 0
