3
2187
107
2323
6
91
60
951
922
75
529
0 49 3
49 0 70
3 70 0
0 292 -1 19 208 91
292 0 21 -1 179 251
-1 21 0 237 118 203
19 -1 237 0 -1 33
208 179 118 -1 0 471
91 251 203 33 471 0
