4
2090
2426
187
2844
8
172
843
441
289
630
403
41
758
0 41 64 86
41 0 23 60
64 23 0 17
86 60 17 0
0 456 408 195 257 236 371 392
456 0 -1 -1 -1 217 166 386
408 -1 0 -1 187 407 -1 277
195 -1 -1 0 -1 159 -1 259
257 -1 187 -1 0 411 307 410
236 217 407 159 411 0 183 59
371 166 -1 -1 307 183 0 45
392 386 277 259 410 59 45 0
