4
1681
846
389
2905
8
168
203
617
319
694
560
217
431
0 15 52 29
15 0 20 -1
52 20 0 46
29 -1 46 0
0 -1 -1 400 184 81 -1 402
-1 0 500 372 12 325 2 -1
-1 500 0 439 327 133 350 173
400 372 439 0 314 68 281 25
184 12 327 314 0 241 107 317
81 325 133 68 241 0 431 -1
-1 2 350 281 107 431 0 -1
402 -1 173 25 317 -1 -1 0
