4
1899
2131
2100
2668
8
785
833
25
992
818
612
186
503
0 64 37 96
64 0 57 65
37 57 0 53
96 65 53 0
0 304 201 450 475 340 441 108
304 0 -1 144 315 73 159 -1
201 -1 0 -1 423 321 250 -1
450 144 -1 0 473 130 20 -1
475 315 423 473 0 297 257 155
340 73 321 130 297 0 291 -1
441 159 250 20 257 291 0 443
108 -1 -1 -1 155 -1 443 0
