4
1085
2177
909
1258
8
5
112
165
257
707
229
794
521
0 29 35 51
29 0 61 12
35 61 0 50
51 12 50 0
0 319 263 485 -1 344 180 171
319 0 71 142 156 356 218 220
263 71 0 288 47 114 332 201
485 142 288 0 401 449 8 -1
-1 156 47 401 0 446 388 499
344 356 114 449 446 0 382 -1
180 218 332 8 388 382 0 -1
171 220 201 -1 499 -1 -1 0
