3
1137
2315
2403
6
699
730
962
648
402
131
0 95 3
95 0 12
3 12 0
0 85 405 15 450 386
85 0 442 273 388 288
405 442 0 -1 395 46
15 273 -1 0 105 132
450 388 395 105 0 71
386 288 46 132 71 0
