4
1130
2690
2892
321
8
734
617
40
638
309
328
835
395
0 1 1 -1
1 0 8 66
1 8 0 33
-1 66 33 0
0 181 434 135 -1 144 185 -1
181 0 48 416 -1 -1 26 255
434 48 0 213 45 363 -1 347
135 416 213 0 -1 -1 371 -1
-1 -1 45 -1 0 402 6 -1
144 -1 363 -1 402 0 98 20
185 26 -1 371 6 98 0 -1
-1 255 347 -1 -1 20 -1 0
