4
2308
1980
1872
2482
8
605
345
864
35
75
600
975
573
0 37 34 78
37 0 13 67
34 13 0 59
78 67 59 0
0 -1 325 -1 239 283 2 134
-1 0 24 -1 112 -1 394 -1
325 24 0 33 265 393 32 -1
-1 -1 33 0 390 251 460 -1
239 112 265 390 0 -1 289 -1
283 -1 393 251 -1 0 322 -1
2 394 32 460 289 322 0 110
134 -1 -1 -1 -1 -1 110 0
