4
1717
2594
2669
2968
8
253
475
251
366
411
878
877
452
0 52 5 17
52 0 70 63
5 70 0 70
17 63 70 0
0 419 296 -1 424 268 181 322
419 0 237 -1 233 55 121 288
296 237 0 438 496 133 26 331
-1 -1 438 0 394 -1 31 -1
424 233 496 394 0 120 181 76
268 55 133 -1 120 0 136 124
181 121 26 31 181 136 0 350
322 288 331 -1 76 124 350 0
