3
2631
2037
183
6
500
919
356
461
16
724
0 11 27
11 0 80
27 80 0
0 -1 111 371 193 1
-1 0 308 93 166 160
111 308 0 229 394 123
371 93 229 0 105 439
193 166 394 105 0 77
1 160 123 439 77 0
