4
1025
1754
2597
1909
8
744
510
985
871
345
16
747
865
0 56 58 73
56 0 51 -1
58 51 0 23
73 -1 23 0
0 279 314 457 312 102 239 -1
279 0 365 39 127 458 17 488
314 365 0 472 404 146 352 462
457 39 472 0 454 184 101 260
312 127 404 454 0 445 382 465
102 458 146 184 445 0 85 293
239 17 352 101 382 85 0 266
-1 488 462 260 465 293 266 0
