4
1932
1318
2150
1474
8
557
606
770
272
127
944
130
731
0 39 24 20
39 0 80 -1
24 80 0 69
20 -1 69 0
0 169 431 20 414 186 215 -1
169 0 110 396 178 -1 253 484
431 110 0 65 319 -1 184 447
20 396 65 0 292 -1 152 79
414 178 319 292 0 366 243 451
186 -1 -1 -1 366 0 212 8
215 253 184 152 243 212 0 70
-1 484 447 79 451 8 70 0
