4
1076
2751
2238
1843
8
857
378
556
702
70
785
157
128
0 46 77 5
46 0 41 -1
77 41 0 -1
5 -1 -1 0
0 105 29 -1 216 -1 333 392
105 0 425 46 38 389 22 470
29 425 0 13 287 234 2 119
-1 46 13 0 -1 372 183 280
216 38 287 -1 0 464 372 275
-1 389 234 372 464 0 241 398
333 22 2 183 372 241 0 201
392 470 119 280 275 398 201 0
