3
2776
1564
2417
6
8
565
13
986
478
917
0 49 97
49 0 6
97 6 0
0 -1 181 7 493 272
-1 0 247 17 73 110
181 247 0 402 147 343
7 17 402 0 89 409
493 73 147 89 0 -1
272 110 343 409 -1 0
