4
1874
1372
1440
2952
8
486
663
280
262
454
229
82
499
0 52 99 18
52 0 89 37
99 89 0 65
18 37 65 0
0 375 -1 346 160 160 180 207
375 0 307 111 284 266 96 421
-1 307 0 224 312 365 489 -1
346 111 224 0 -1 456 40 400
160 284 312 -1 0 -1 292 64
160 266 365 456 -1 0 41 253
180 96 489 40 292 41 0 15
207 421 -1 400 64 253 15 0
