4
1758
2690
2637
1811
8
604
528
627
316
518
697
122
263
0 48 27 44
48 0 7 45
27 7 0 61
44 45 61 0
0 268 -1 -1 363 108 58 142
268 0 395 478 443 175 444 191
-1 395 0 -1 224 496 489 -1
-1 478 -1 0 284 298 463 -1
363 443 224 284 0 461 261 33
108 175 496 298 461 0 301 206
58 444 489 463 261 301 0 157
142 191 -1 -1 33 206 157 0
