4
2054
1739
840
1363
8
90
637
220
751
514
104
123
271
0 23 99 -1
23 0 89 80
99 89 0 90
-1 80 90 0
0 453 471 425 417 423 -1 484
453 0 259 17 87 388 189 26
471 259 0 236 258 473 335 45
425 17 236 0 219 92 169 305
417 87 258 219 0 439 233 324
423 388 473 92 439 0 -1 6
-1 189 335 169 233 -1 0 109
484 26 45 305 324 6 109 0
