4
904
243
714
1908
8
622
375
836
504
251
226
345
194
0 40 6 80
40 0 21 -1
6 21 0 -1
80 -1 -1 0
0 202 400 219 181 7 -1 236
202 0 74 401 449 465 469 151
400 74 0 295 123 257 112 183
219 401 295 0 22 274 -1 58
181 449 123 22 0 271 114 307
7 465 257 274 271 0 -1 105
-1 469 112 -1 114 -1 0 263
236 151 183 58 307 105 263 0
