4
519
2487
2467
2063
8
681
870
834
286
204
673
948
124
0 88 86 86
88 0 50 69
86 50 0 34
86 69 34 0
0 101 240 314 117 122 -1 -1
101 0 -1 259 301 59 -1 1
240 -1 0 75 83 151 -1 -1
314 259 75 0 468 222 -1 -1
117 301 83 468 0 -1 108 -1
122 59 151 222 -1 0 435 432
-1 -1 -1 -1 108 435 0 -1
-1 1 -1 -1 -1 432 -1 0
