4
2698
818
2485
1177
8
94
118
864
402
609
623
523
97
0 67 39 1
67 0 100 63
39 100 0 87
1 63 87 0
0 -1 164 -1 275 85 -1 226
-1 0 478 58 -1 124 450 56
164 478 0 253 320 274 -1 390
-1 58 253 0 102 273 -1 396
275 -1 320 102 0 491 -1 369
85 124 274 273 491 0 -1 426
-1 450 -1 -1 -1 -1 0 303
226 56 390 396 369 426 303 0
