4
2027
764
2009
2997
8
364
836
877
862
461
191
261
692
0 15 33 9
15 0 13 18
33 13 0 50
9 18 50 0
0 326 441 170 246 479 345 336
326 0 -1 170 110 -1 40 -1
441 -1 0 188 369 -1 19 158
170 170 188 0 424 415 233 305
246 110 369 424 0 254 398 431
479 -1 -1 415 254 0 64 469
345 40 19 233 398 64 0 448
336 -1 158 305 431 469 448 0
