4
482
2754
653
1972
8
396
457
512
367
595
146
145
467
0 54 45 11
54 0 21 24
45 21 0 83
11 24 83 0
0 248 298 105 497 486 204 396
248 0 332 -1 374 205 96 -1
298 332 0 149 318 309 313 190
105 -1 149 0 -1 492 365 137
497 374 318 -1 0 463 404 348
486 205 309 492 463 0 196 -1
204 96 313 365 404 196 0 356
396 -1 190 137 348 -1 356 0
