4
1427
2378
1491
2706
8
387
995
182
262
643
800
333
797
0 61 84 36
61 0 97 44
84 97 0 32
36 44 32 0
0 317 273 435 106 55 40 362
317 0 179 352 140 -1 307 200
273 179 0 -1 193 394 167 332
435 352 -1 0 -1 365 101 131
106 140 193 -1 0 -1 443 384
55 -1 394 365 -1 0 185 43
40 307 167 101 443 185 0 456
362 200 332 131 384 43 456 0
