3
753
1490
2720
6
631
797
99
483
109
650
0 98 72
98 0 99
72 99 0
0 16 437 343 323 499
16 0 370 258 289 441
437 370 0 370 409 372
343 258 370 0 229 -1
323 289 409 229 0 334
499 441 372 -1 334 0
