4
163
2614
1286
1666
8
962
273
870
418
177
59
791
156
0 97 69 39
97 0 -1 20
69 -1 0 42
39 20 42 0
0 421 195 297 213 310 289 326
421 0 87 367 453 196 406 13
195 87 0 338 456 18 53 -1
297 367 338 0 285 231 -1 342
213 453 456 285 0 360 -1 19
310 196 18 231 360 0 -1 430
289 406 53 -1 -1 -1 0 82
326 13 -1 342 19 430 82 0
