4
2435
2970
1368
2901
8
434
306
107
675
884
485
397
419
0 -1 58 -1
-1 0 60 93
58 60 0 83
-1 93 83 0
0 -1 38 153 -1 415 -1 292
-1 0 107 2 472 146 -1 456
38 107 0 239 481 437 412 489
153 2 239 0 422 405 494 112
-1 472 481 422 0 43 -1 368
415 146 437 405 43 0 487 203
-1 -1 412 494 -1 487 0 366
292 456 489 112 368 203 366 0
