3
2291
1472
1459
6
744
954
847
282
238
55
0 93 16
93 0 42
16 42 0
0 314 -1 27 312 -1
314 0 400 161 355 420
-1 400 0 473 35 192
27 161 473 0 262 31
312 355 35 262 0 13
-1 420 192 31 13 0
