4
2727
1513
375
2661
8
904
287
953
472
875
631
190
532
0 57 19 12
57 0 97 42
19 97 0 40
12 42 40 0
0 -1 64 136 206 -1 6 -1
-1 0 -1 261 288 48 376 488
64 -1 0 374 193 -1 -1 -1
136 261 374 0 237 482 278 406
206 288 193 237 0 252 35 234
-1 48 -1 482 252 0 420 482
6 376 -1 278 35 420 0 -1
-1 488 -1 406 234 482 -1 0
