3
2058
1579
2846
6
305
957
784
680
687
603
0 52 11
52 0 20
11 20 0
0 265 174 479 61 182
265 0 -1 373 -1 201
174 -1 0 -1 261 266
479 373 -1 0 23 281
61 -1 261 23 0 126
182 201 266 281 126 0
