3
506
2733
838
6
774
473
443
216
999
634
0 74 1
74 0 23
1 23 0
0 323 309 222 -1 138
323 0 320 220 175 22
309 320 0 361 -1 225
222 220 361 0 473 324
-1 175 -1 473 0 -1
138 22 225 324 -1 0
