4
2064
1114
1926
844
8
408
444
605
120
483
625
245
79
0 33 25 62
33 0 89 -1
25 89 0 96
62 -1 96 0
0 86 340 14 -1 247 494 366
86 0 352 67 283 274 194 11
340 352 0 79 275 47 485 416
14 67 79 0 36 104 104 28
-1 283 275 36 0 449 427 13
247 274 47 104 449 0 -1 262
494 194 485 104 427 -1 0 374
366 11 416 28 13 262 374 0
