3
154
2649
2686
6
739
683
89
179
706
624
0 17 64
17 0 36
64 36 0
0 439 476 135 268 -1
439 0 49 348 29 377
476 49 0 329 -1 -1
135 348 329 0 397 208
268 29 -1 397 0 499
-1 377 -1 208 499 0
