4
553
2954
1801
201
8
726
265
552
245
430
737
511
456
0 39 16 44
39 0 71 51
16 71 0 96
44 51 96 0
0 147 225 350 19 215 279 135
147 0 256 467 283 435 179 99
225 256 0 439 -1 370 262 -1
350 467 439 0 246 256 423 310
19 283 -1 246 0 97 374 -1
215 435 370 256 97 0 151 124
279 179 262 423 374 151 0 236
135 99 -1 310 -1 124 236 0
