4
1257
2656
2559
2916
8
637
813
224
34
994
486
227
833
0 -1 31 99
-1 0 -1 64
31 -1 0 95
99 64 95 0
0 168 305 254 188 361 91 418
168 0 -1 -1 466 -1 106 315
305 -1 0 145 473 438 -1 106
254 -1 145 0 382 199 268 -1
188 466 473 382 0 24 -1 466
361 -1 438 199 24 0 -1 243
91 106 -1 268 -1 -1 0 318
418 315 106 -1 466 243 318 0
