4
1271
1915
1283
1101
8
965
410
138
316
860
374
439
405
0 -1 93 59
-1 0 27 90
93 27 0 56
59 90 56 0
0 104 469 500 291 409 128 214
104 0 -1 20 -1 342 82 -1
469 -1 0 323 201 370 189 28
500 20 323 0 32 158 426 -1
291 -1 201 32 0 88 -1 495
409 342 370 158 88 0 374 219
128 82 189 426 -1 374 0 -1
214 -1 28 -1 495 219 -1 0
