4
1464
1866
1720
2903
8
81
30
536
695
459
856
79
731
0 7 54 -1
7 0 61 74
54 61 0 3
-1 74 3 0
0 255 476 313 -1 18 227 423
255 0 -1 34 -1 451 -1 33
476 -1 0 -1 -1 258 415 -1
313 34 -1 0 229 -1 127 -1
-1 -1 -1 229 0 331 322 144
18 451 258 -1 331 0 7 187
227 -1 415 127 322 7 0 267
423 33 -1 -1 144 187 267 0
