4
1335
392
1608
1697
8
9
812
478
210
761
286
593
335
0 80 -1 78
80 0 49 3
-1 49 0 48
78 3 48 0
0 387 287 -1 -1 250 -1 486
387 0 425 145 253 180 123 126
287 425 0 55 111 -1 -1 -1
-1 145 55 0 -1 387 429 -1
-1 253 111 -1 0 354 -1 -1
250 180 -1 387 354 0 491 246
-1 123 -1 429 -1 491 0 403
486 126 -1 -1 -1 246 403 0
