4
2906
651
1967
2469
8
899
353
904
667
198
605
950
699
0 47 66 85
47 0 24 40
66 24 0 -1
85 40 -1 0
0 353 374 -1 -1 -1 -1 129
353 0 328 -1 62 387 314 76
374 328 0 -1 144 -1 66 34
-1 -1 -1 0 -1 60 55 -1
-1 62 144 -1 0 -1 -1 347
-1 387 -1 60 -1 0 -1 413
-1 314 66 55 -1 -1 0 -1
129 76 34 -1 347 413 -1 0
