4
2363
1466
843
2882
8
5
852
921
746
67
254
995
489
0 23 46 83
23 0 94 30
46 94 0 50
83 30 50 0
0 -1 26 204 178 308 -1 232
-1 0 241 174 228 345 224 234
26 241 0 132 339 42 65 149
204 174 132 0 157 21 454 70
178 228 339 157 0 185 446 138
308 345 42 21 185 0 281 453
-1 224 65 454 446 281 0 225
232 234 149 70 138 453 225 0
