4
735
438
2462
1652
8
11
762
707
929
434
671
576
48
0 7 74 80
7 0 56 55
74 56 0 7
80 55 7 0
0 -1 -1 -1 -1 487 13 480
-1 0 -1 452 -1 229 305 320
-1 -1 0 -1 5 -1 281 141
-1 452 -1 0 431 46 469 122
-1 -1 5 431 0 -1 -1 146
487 229 -1 46 -1 0 11 66
13 305 281 469 -1 11 0 402
480 320 141 122 146 66 402 0
