4
1200
638
2674
2349
8
245
983
952
915
651
521
132
579
0 68 38 9
68 0 24 88
38 24 0 6
9 88 6 0
0 428 128 500 451 231 -1 388
428 0 463 109 445 24 36 403
128 463 0 149 174 309 162 303
500 109 149 0 364 433 19 454
451 445 174 364 0 145 252 364
231 24 309 433 145 0 260 -1
-1 36 162 19 252 260 0 59
388 403 303 454 364 -1 59 0
