4
1251
2379
801
2356
8
211
554
481
376
325
247
604
444
0 51 100 54
51 0 94 23
100 94 0 81
54 23 81 0
0 138 389 446 409 16 458 320
138 0 479 -1 -1 -1 493 -1
389 479 0 158 38 412 145 176
446 -1 158 0 90 198 285 229
409 -1 38 90 0 362 395 62
16 -1 412 198 362 0 181 82
458 493 145 285 395 181 0 449
320 -1 176 229 62 82 449 0
