4
1935
2535
2853
357
8
203
831
159
715
845
526
643
628
0 90 37 46
90 0 24 28
37 24 0 88
46 28 88 0
0 37 371 389 230 494 407 44
37 0 386 386 420 95 125 156
371 386 0 16 345 40 459 172
389 386 16 0 97 281 293 201
230 420 345 97 0 499 334 122
494 95 40 281 499 0 244 413
407 125 459 293 334 244 0 356
44 156 172 201 122 413 356 0
