3
492
1738
2322
6
889
668
69
842
248
487
0 11 43
11 0 71
43 71 0
0 -1 469 480 492 429
-1 0 106 28 175 12
469 106 0 279 306 122
480 28 279 0 116 156
492 175 306 116 0 170
429 12 122 156 170 0
