4
402
1642
2599
1236
8
788
372
150
862
275
811
131
146
0 83 -1 36
83 0 73 2
-1 73 0 23
36 2 23 0
0 301 160 -1 81 324 464 260
301 0 144 -1 88 349 -1 421
160 144 0 456 166 345 36 117
-1 -1 456 0 -1 73 62 -1
81 88 166 -1 0 205 32 278
324 349 345 73 205 0 101 429
464 -1 36 62 32 101 0 403
260 421 117 -1 278 429 403 0
