4
2325
1257
1965
284
8
181
191
122
757
206
256
170
635
0 24 11 80
24 0 64 48
11 64 0 48
80 48 48 0
0 58 156 342 310 351 422 94
58 0 210 33 166 15 322 456
156 210 0 193 219 247 129 164
342 33 193 0 45 490 69 -1
310 166 219 45 0 169 166 179
351 15 247 490 169 0 52 -1
422 322 129 69 166 52 0 386
94 456 164 -1 179 -1 386 0
