4
2963
2531
752
2554
8
603
558
729
917
185
341
362
22
0 46 65 98
46 0 86 52
65 86 0 10
98 52 10 0
0 54 52 361 86 66 146 387
54 0 108 420 191 385 110 468
52 108 0 244 290 87 80 118
361 420 244 0 154 483 53 346
86 191 290 154 0 497 383 430
66 385 87 483 497 0 71 180
146 110 80 53 383 71 0 266
387 468 118 346 430 180 266 0
