3
2382
2315
1896
6
881
8
454
633
750
477
0 98 55
98 0 66
55 66 0
0 427 78 30 75 84
427 0 144 99 -1 -1
78 144 0 159 114 356
30 99 159 0 215 375
75 -1 114 215 0 432
84 -1 356 375 432 0
