4
1802
694
929
2503
8
447
270
679
475
705
70
899
796
0 26 75 71
26 0 22 49
75 22 0 16
71 49 16 0
0 337 472 270 47 444 166 193
337 0 184 390 -1 209 433 490
472 184 0 135 319 390 366 326
270 390 135 0 453 321 271 442
47 -1 319 453 0 259 78 318
444 209 390 321 259 0 440 281
166 433 366 271 78 440 0 204
193 490 326 442 318 281 204 0
