3
2313
692
1253
6
203
554
626
331
933
659
0 8 8
8 0 85
8 85 0
0 206 400 156 211 135
206 0 93 180 435 -1
400 93 0 439 214 359
156 180 439 0 499 163
211 435 214 499 0 500
135 -1 359 163 500 0
