4
289
1021
643
2957
8
643
159
203
518
111
993
569
387
0 93 -1 -1
93 0 1 87
-1 1 0 23
-1 87 23 0
0 -1 491 494 5 -1 -1 -1
-1 0 -1 -1 10 288 62 -1
491 -1 0 108 369 262 -1 214
494 -1 108 0 31 -1 26 350
5 10 369 31 0 393 65 358
-1 288 262 -1 393 0 -1 44
-1 62 -1 26 65 -1 0 -1
-1 -1 214 350 358 44 -1 0
