4
2305
517
2710
918
8
647
227
558
266
946
860
734
51
0 98 53 2
98 0 -1 -1
53 -1 0 52
2 -1 52 0
0 59 75 481 439 256 245 346
59 0 71 251 312 438 156 172
75 71 0 23 398 456 107 265
481 251 23 0 371 135 489 241
439 312 398 371 0 492 -1 330
256 438 456 135 492 0 62 305
245 156 107 489 -1 62 0 173
346 172 265 241 330 305 173 0
