4
2242
1803
586
2876
8
416
158
857
859
493
751
413
605
0 42 70 41
42 0 1 -1
70 1 0 92
41 -1 92 0
0 468 498 347 495 434 416 -1
468 0 -1 -1 229 384 231 -1
498 -1 0 -1 315 34 237 -1
347 -1 -1 0 90 191 154 -1
495 229 315 90 0 487 178 214
434 384 34 191 487 0 409 171
416 231 237 154 178 409 0 65
-1 -1 -1 -1 214 171 65 0
