4
2615
2404
697
10
8
540
339
638
610
260
490
950
178
0 87 -1 79
87 0 24 -1
-1 24 0 41
79 -1 41 0
0 387 223 253 351 -1 407 178
387 0 458 98 83 14 473 485
223 458 0 167 156 439 -1 32
253 98 167 0 161 51 361 76
351 83 156 161 0 492 482 -1
-1 14 439 51 492 0 413 379
407 473 -1 361 482 413 0 287
178 485 32 76 -1 379 287 0
