4
2552
1574
437
2478
8
679
998
533
460
219
364
238
564
0 50 84 17
50 0 90 -1
84 90 0 50
17 -1 50 0
0 163 479 309 335 68 351 365
163 0 3 432 356 170 321 395
479 3 0 329 -1 259 9 -1
309 432 329 0 154 137 176 214
335 356 -1 154 0 411 -1 102
68 170 259 137 411 0 72 308
351 321 9 176 -1 72 0 491
365 395 -1 214 102 308 491 0
