3
72
1881
2677
6
448
758
351
596
592
242
0 74 -1
74 0 18
-1 18 0
0 497 454 437 352 399
497 0 -1 343 383 394
454 -1 0 4 185 417
437 343 4 0 154 352
352 383 185 154 0 254
399 394 417 352 254 0
