4
27
2862
1681
849
8
19
810
708
865
488
412
231
655
0 66 7 53
66 0 78 67
7 78 0 27
53 67 27 0
0 479 54 55 10 471 399 78
479 0 -1 -1 394 -1 152 -1
54 -1 0 499 305 -1 -1 375
55 -1 499 0 304 -1 -1 -1
10 394 305 304 0 320 348 294
471 -1 -1 -1 320 0 -1 -1
399 152 -1 -1 348 -1 0 213
78 -1 375 -1 294 -1 213 0
