4
204
1374
1930
1270
8
554
607
221
378
277
205
323
981
0 -1 23 -1
-1 0 17 28
23 17 0 65
-1 28 65 0
0 459 185 204 -1 -1 339 207
459 0 107 318 458 201 498 192
185 107 0 401 84 288 -1 188
204 318 401 0 226 91 408 69
-1 458 84 226 0 -1 -1 229
-1 201 288 91 -1 0 105 340
339 498 -1 408 -1 105 0 121
207 192 188 69 229 340 121 0
