4
263
2942
2861
1604
8
158
82
318
225
146
850
524
808
0 38 98 55
38 0 -1 39
98 -1 0 6
55 39 6 0
0 102 140 162 42 162 178 76
102 0 383 248 298 264 -1 270
140 383 0 -1 96 45 236 387
162 248 -1 0 143 149 -1 389
42 298 96 143 0 285 -1 404
162 264 45 149 285 0 406 366
178 -1 236 -1 -1 406 0 109
76 270 387 389 404 366 109 0
