4
1623
2796
1323
1679
8
814
863
483
572
914
646
303
306
0 82 25 99
82 0 85 -1
25 85 0 67
99 -1 67 0
0 99 223 338 -1 -1 -1 68
99 0 363 389 245 412 433 448
223 363 0 395 403 -1 207 -1
338 389 395 0 65 98 -1 -1
-1 245 403 65 0 262 143 231
-1 412 -1 98 262 0 -1 -1
-1 433 207 -1 143 -1 0 -1
68 448 -1 -1 231 -1 -1 0
