4
2536
1171
2991
568
8
586
77
180
935
737
218
524
425
0 46 36 78
46 0 51 91
36 51 0 34
78 91 34 0
0 143 500 -1 419 -1 151 -1
143 0 259 100 383 370 -1 400
500 259 0 376 77 112 293 280
-1 100 376 0 101 227 26 119
419 383 77 101 0 275 164 303
-1 370 112 227 275 0 -1 -1
151 -1 293 26 164 -1 0 290
-1 400 280 119 303 -1 290 0
