4
2121
1154
1838
2265
8
731
343
409
644
246
507
126
351
0 92 58 53
92 0 57 78
58 57 0 72
53 78 72 0
0 -1 -1 404 -1 443 105 -1
-1 0 -1 229 177 232 302 374
-1 -1 0 232 424 -1 -1 -1
404 229 232 0 -1 397 386 326
-1 177 424 -1 0 48 -1 -1
443 232 -1 397 48 0 30 274
105 302 -1 386 -1 30 0 410
-1 374 -1 326 -1 274 410 0
