4
46
2370
2510
1913
8
952
977
652
239
390
81
953
764
0 61 -1 92
61 0 -1 26
-1 -1 0 59
92 26 59 0
0 -1 493 -1 365 403 55 386
-1 0 -1 259 -1 462 243 64
493 -1 0 191 -1 355 154 244
-1 259 191 0 -1 402 269 427
365 -1 -1 -1 0 162 313 69
403 462 355 402 162 0 341 251
55 243 154 269 313 341 0 413
386 64 244 427 69 251 413 0
