3
1757
2818
1317
6
729
818
806
267
95
879
0 7 60
7 0 69
60 69 0
0 144 258 333 437 291
144 0 300 468 -1 243
258 300 0 121 212 387
333 468 121 0 270 93
437 -1 212 270 0 359
291 243 387 93 359 0
