4
2366
781
1336
2832
8
989
375
896
664
142
321
526
932
0 -1 34 6
-1 0 85 93
34 85 0 78
6 93 78 0
0 168 114 23 412 -1 202 191
168 0 -1 218 -1 401 -1 396
114 -1 0 305 140 255 162 367
23 218 305 0 499 138 139 429
412 -1 140 499 0 358 28 89
-1 401 255 138 358 0 152 224
202 -1 162 139 28 152 0 324
191 396 367 429 89 224 324 0
