3
2408
1446
1537
6
307
191
673
827
851
399
0 70 45
70 0 -1
45 -1 0
0 457 253 383 357 458
457 0 83 68 322 57
253 83 0 383 252 379
383 68 383 0 326 -1
357 322 252 326 0 254
458 57 379 -1 254 0
