4
2775
694
333
2271
8
897
697
507
733
840
825
408
470
0 81 80 79
81 0 11 78
80 11 0 -1
79 78 -1 0
0 224 270 -1 -1 274 19 4
224 0 450 -1 -1 -1 209 86
270 450 0 -1 403 308 169 342
-1 -1 -1 0 358 103 266 3
-1 -1 403 358 0 285 72 179
274 -1 308 103 285 0 -1 -1
19 209 169 266 72 -1 0 82
4 86 342 3 179 -1 82 0
