4
809
1342
1271
2414
8
238
545
129
59
265
683
226
444
0 63 77 32
63 0 -1 91
77 -1 0 -1
32 91 -1 0
0 214 21 212 327 72 292 404
214 0 247 145 181 7 87 23
21 247 0 229 -1 118 232 -1
212 145 229 0 460 215 402 197
327 181 -1 460 0 471 174 -1
72 7 118 215 471 0 226 -1
292 87 232 402 174 226 0 401
404 23 -1 197 -1 -1 401 0
