4
156
2370
123
2802
8
930
896
73
166
747
512
37
930
0 33 84 35
33 0 82 10
84 82 0 96
35 10 96 0
0 -1 -1 -1 -1 217 357 3
-1 0 352 463 -1 78 400 31
-1 352 0 40 228 496 119 94
-1 463 40 0 107 109 228 18
-1 -1 228 107 0 406 137 -1
217 78 496 109 406 0 471 389
357 400 119 228 137 471 0 395
3 31 94 18 -1 389 395 0
