3
1579
110
2241
6
896
784
699
972
86
44
0 25 14
25 0 38
14 38 0
0 269 288 174 445 238
269 0 458 386 423 204
288 458 0 223 -1 297
174 386 223 0 93 345
445 423 -1 93 0 377
238 204 297 345 377 0
