3
670
1955
2247
6
234
832
625
752
80
721
0 9 4
9 0 60
4 60 0
0 453 270 71 38 317
453 0 349 309 458 92
270 349 0 124 43 163
71 309 124 0 400 126
38 458 43 400 0 100
317 92 163 126 100 0
