3
1085
8
1936
6
684
617
909
56
136
210
0 -1 91
-1 0 1
91 1 0
0 451 182 432 185 428
451 0 497 106 116 265
182 497 0 227 24 269
432 106 227 0 15 436
185 116 24 15 0 289
428 265 269 436 289 0
