4
461
2541
1096
398
8
680
368
53
370
989
431
247
616
0 17 100 13
17 0 -1 74
100 -1 0 -1
13 74 -1 0
0 178 103 114 201 419 225 152
178 0 391 277 34 384 202 151
103 391 0 473 245 315 25 -1
114 277 473 0 339 -1 493 267
201 34 245 339 0 496 471 491
419 384 315 -1 496 0 296 418
225 202 25 493 471 296 0 16
152 151 -1 267 491 418 16 0
