4
172
1821
2495
1157
8
360
327
567
169
396
430
870
98
0 80 35 89
80 0 10 62
35 10 0 75
89 62 75 0
0 231 -1 403 18 445 26 249
231 0 315 364 319 -1 -1 195
-1 315 0 493 33 487 -1 46
403 364 493 0 46 143 117 392
18 319 33 46 0 298 318 154
445 -1 487 143 298 0 424 248
26 -1 -1 117 318 424 0 375
249 195 46 392 154 248 375 0
