3
2578
366
1906
6
972
59
496
397
481
584
0 5 56
5 0 34
56 34 0
0 -1 178 19 145 42
-1 0 468 231 196 -1
178 468 0 439 172 372
19 231 439 0 465 -1
145 196 172 465 0 210
42 -1 372 -1 210 0
