4
1949
866
2395
956
8
112
417
74
290
608
29
205
277
0 12 19 59
12 0 49 60
19 49 0 -1
59 60 -1 0
0 90 70 307 376 102 141 431
90 0 88 35 262 184 42 -1
70 88 0 50 113 246 470 366
307 35 50 0 107 414 466 -1
376 262 113 107 0 -1 143 483
102 184 246 414 -1 0 107 457
141 42 470 466 143 107 0 80
431 -1 366 -1 483 457 80 0
