4
1159
1827
2021
331
8
576
526
358
911
184
7
70
706
0 59 72 13
59 0 43 31
72 43 0 4
13 31 4 0
0 115 280 71 315 226 269 212
115 0 194 393 397 428 264 58
280 194 0 349 -1 420 489 -1
71 393 349 0 363 397 41 480
315 397 -1 363 0 245 490 -1
226 428 420 397 245 0 47 120
269 264 489 41 490 47 0 142
212 58 -1 480 -1 120 142 0
