4
247
1970
2043
1033
8
739
600
840
307
84
280
246
577
0 21 39 79
21 0 56 40
39 56 0 -1
79 40 -1 0
0 200 48 364 391 121 479 395
200 0 -1 413 350 -1 445 351
48 -1 0 233 -1 404 193 14
364 413 233 0 411 486 323 427
391 350 -1 411 0 376 230 -1
121 -1 404 486 376 0 393 174
479 445 193 323 230 393 0 326
395 351 14 427 -1 174 326 0
