4
1082
153
1038
860
8
259
540
699
9
156
116
932
43
0 35 17 9
35 0 -1 24
17 -1 0 15
9 24 15 0
0 399 85 229 473 447 264 288
399 0 187 334 -1 24 164 321
85 187 0 443 -1 357 323 352
229 334 443 0 31 282 178 381
473 -1 -1 31 0 -1 266 353
447 24 357 282 -1 0 -1 261
264 164 323 178 266 -1 0 385
288 321 352 381 353 261 385 0
