4
971
607
2097
2082
8
445
780
921
513
626
227
235
590
0 85 21 -1
85 0 23 54
21 23 0 56
-1 54 56 0
0 -1 318 228 405 338 184 252
-1 0 -1 133 344 134 268 -1
318 -1 0 -1 381 -1 214 123
228 133 -1 0 287 478 174 436
405 344 381 287 0 105 417 149
338 134 -1 478 105 0 -1 205
184 268 214 174 417 -1 0 229
252 -1 123 436 149 205 229 0
