3
2327
792
2330
6
240
807
732
262
338
179
0 67 48
67 0 34
48 34 0
0 399 204 50 204 371
399 0 61 302 282 336
204 61 0 263 366 341
50 302 263 0 385 334
204 282 366 385 0 95
371 336 341 334 95 0
