4
1870
1667
2926
1029
8
358
126
850
841
117
666
898
700
0 18 75 52
18 0 87 14
75 87 0 68
52 14 68 0
0 345 -1 -1 433 -1 358 318
345 0 379 102 172 498 320 277
-1 379 0 390 111 -1 373 -1
-1 102 390 0 117 408 248 178
433 172 111 117 0 429 139 31
-1 498 -1 408 429 0 51 293
358 320 373 248 139 51 0 256
318 277 -1 178 31 293 256 0
