4
1325
711
2371
2739
8
647
563
655
338
470
282
357
794
0 87 -1 -1
87 0 57 73
-1 57 0 52
-1 73 52 0
0 -1 66 390 371 -1 -1 -1
-1 0 465 -1 441 -1 121 445
66 465 0 483 321 178 470 112
390 -1 483 0 483 -1 -1 -1
371 441 321 483 0 318 68 -1
-1 -1 178 -1 318 0 391 -1
-1 121 470 -1 68 391 0 217
-1 445 112 -1 -1 -1 217 0
