3
1449
1599
1153
6
104
674
744
138
969
789
0 32 -1
32 0 24
-1 24 0
0 347 51 209 478 309
347 0 131 469 93 265
51 131 0 -1 147 -1
209 469 -1 0 462 325
478 93 147 462 0 157
309 265 -1 325 157 0
