4
1793
2637
2970
489
8
57
70
181
873
439
899
830
40
0 66 14 32
66 0 53 69
14 53 0 1
32 69 1 0
0 310 70 81 205 266 27 44
310 0 441 338 217 412 252 300
70 441 0 306 -1 245 409 342
81 338 306 0 144 401 146 100
205 217 -1 144 0 5 490 -1
266 412 245 401 5 0 341 178
27 252 409 146 490 341 0 106
44 300 342 100 -1 178 106 0
