3
2231
1043
840
6
531
429
409
767
935
130
0 37 12
37 0 23
12 23 0
0 246 -1 105 -1 -1
246 0 71 63 391 342
-1 71 0 208 39 487
105 63 208 0 321 388
-1 391 39 321 0 451
-1 342 487 388 451 0
