4
1004
1980
2795
2657
8
747
335
908
104
495
351
939
377
0 16 27 45
16 0 72 6
27 72 0 41
45 6 41 0
0 121 308 418 -1 64 -1 143
121 0 323 382 425 157 48 -1
308 323 0 87 168 354 472 52
418 382 87 0 87 454 380 235
-1 425 168 87 0 -1 -1 102
64 157 354 454 -1 0 -1 213
-1 48 472 380 -1 -1 0 -1
143 -1 52 235 102 213 -1 0
