4
1205
1680
1309
2791
8
597
413
706
579
327
115
98
572
0 7 75 62
7 0 69 -1
75 69 0 72
62 -1 72 0
0 9 -1 -1 323 281 151 66
9 0 10 85 249 169 149 318
-1 10 0 370 375 -1 172 270
-1 85 370 0 -1 264 167 422
323 249 375 -1 0 461 276 247
281 169 -1 264 461 0 191 272
151 149 172 167 276 191 0 116
66 318 270 422 247 272 116 0
