4
2432
2178
1235
2750
8
568
671
685
347
155
302
463
638
0 30 21 6
30 0 7 1
21 7 0 33
6 1 33 0
0 232 287 206 21 461 420 471
232 0 358 157 308 196 -1 97
287 358 0 59 -1 -1 -1 443
206 157 59 0 168 93 -1 381
21 308 -1 168 0 -1 -1 -1
461 196 -1 93 -1 0 306 387
420 -1 -1 -1 -1 306 0 470
471 97 443 381 -1 387 470 0
