4
2832
403
2619
933
8
604
458
973
742
351
283
858
870
0 25 8 -1
25 0 96 82
8 96 0 79
-1 82 79 0
0 158 253 109 47 -1 478 135
158 0 54 390 215 345 77 379
253 54 0 14 236 457 157 121
109 390 14 0 248 183 411 61
47 215 236 248 0 421 471 464
-1 345 457 183 421 0 405 476
478 77 157 411 471 405 0 25
135 379 121 61 464 476 25 0
