4
2974
2532
355
1769
8
597
443
294
819
498
696
749
150
0 -1 -1 89
-1 0 11 29
-1 11 0 74
89 29 74 0
0 82 -1 63 313 411 412 45
82 0 93 352 239 -1 -1 131
-1 93 0 -1 476 86 -1 102
63 352 -1 0 5 250 -1 241
313 239 476 5 0 104 104 294
411 -1 86 250 104 0 -1 304
412 -1 -1 -1 104 -1 0 54
45 131 102 241 294 304 54 0
