4
2900
1913
355
258
8
973
312
663
954
355
135
832
857
0 70 19 -1
70 0 32 61
19 32 0 16
-1 61 16 0
0 437 136 346 -1 -1 443 -1
437 0 338 14 285 495 151 132
136 338 0 -1 339 -1 -1 330
346 14 -1 0 344 126 125 69
-1 285 339 344 0 -1 60 101
-1 495 -1 126 -1 0 -1 196
443 151 -1 125 60 -1 0 168
-1 132 330 69 101 196 168 0
