4
1524
1511
2760
908
8
617
251
643
205
87
436
619
479
0 57 52 76
57 0 4 79
52 4 0 -1
76 79 -1 0
0 399 119 -1 -1 471 221 447
399 0 99 51 240 116 323 460
119 99 0 41 -1 7 182 -1
-1 51 41 0 140 393 21 207
-1 240 -1 140 0 263 -1 358
471 116 7 393 263 0 390 250
221 323 182 21 -1 390 0 423
447 460 -1 207 358 250 423 0
