4
2283
2188
422
1101
8
48
30
989
938
837
893
230
31
0 39 78 34
39 0 -1 56
78 -1 0 15
34 56 15 0
0 185 422 207 150 307 57 57
185 0 333 -1 -1 2 -1 -1
422 333 0 -1 467 52 -1 372
207 -1 -1 0 449 413 -1 259
150 -1 467 449 0 -1 58 -1
307 2 52 413 -1 0 -1 434
57 -1 -1 -1 58 -1 0 -1
57 -1 372 259 -1 434 -1 0
