4
2021
2565
1968
1373
8
319
10
57
126
793
325
991
100
0 87 -1 18
87 0 -1 8
-1 -1 0 84
18 8 84 0
0 125 404 94 144 176 275 -1
125 0 49 459 500 239 350 377
404 49 0 288 -1 257 371 321
94 459 288 0 -1 265 349 430
144 500 -1 -1 0 339 56 335
176 239 257 265 339 0 106 -1
275 350 371 349 56 106 0 469
-1 377 321 430 335 -1 469 0
