4
239
2767
2341
2973
8
317
631
435
608
430
359
730
65
0 77 25 32
77 0 98 61
25 98 0 57
32 61 57 0
0 225 4 32 481 257 163 270
225 0 212 -1 251 15 480 379
4 212 0 476 42 92 287 455
32 -1 476 0 320 -1 -1 290
481 251 42 320 0 77 371 166
257 15 92 -1 77 0 396 168
163 480 287 -1 371 396 0 393
270 379 455 290 166 168 393 0
