4
1268
2307
1617
2119
8
732
834
77
398
761
454
997
873
0 53 -1 41
53 0 -1 38
-1 -1 0 46
41 38 46 0
0 113 93 134 175 94 316 424
113 0 10 266 347 -1 311 79
93 10 0 412 382 222 -1 -1
134 266 412 0 354 -1 411 110
175 347 382 354 0 162 448 86
94 -1 222 -1 162 0 333 278
316 311 -1 411 448 333 0 -1
424 79 -1 110 86 278 -1 0
