4
1131
2211
2821
2096
8
306
295
256
366
18
284
591
456
0 11 27 21
11 0 21 -1
27 21 0 29
21 -1 29 0
0 477 472 312 383 471 198 61
477 0 325 -1 -1 -1 307 127
472 325 0 -1 104 142 -1 130
312 -1 -1 0 -1 387 -1 368
383 -1 104 -1 0 464 123 -1
471 -1 142 387 464 0 332 -1
198 307 -1 -1 123 332 0 225
61 127 130 368 -1 -1 225 0
