4
2638
1156
2389
2532
8
976
312
595
716
649
173
62
271
0 24 20 10
24 0 49 2
20 49 0 17
10 2 17 0
0 120 -1 25 184 216 -1 380
120 0 43 290 30 112 2 268
-1 43 0 -1 -1 -1 271 130
25 290 -1 0 -1 -1 221 -1
184 30 -1 -1 0 415 -1 145
216 112 -1 -1 415 0 102 -1
-1 2 271 221 -1 102 0 381
380 268 130 -1 145 -1 381 0
