4
522
2123
1047
2275
8
669
25
40
902
850
316
85
254
0 12 23 46
12 0 -1 64
23 -1 0 7
46 64 7 0
0 183 418 80 268 -1 -1 363
183 0 -1 374 72 52 -1 243
418 -1 0 -1 226 -1 365 -1
80 374 -1 0 285 418 -1 198
268 72 226 285 0 132 358 250
-1 52 -1 418 132 0 399 208
-1 -1 365 -1 358 399 0 86
363 243 -1 198 250 208 86 0
