3
874
1812
1485
6
26
700
630
887
852
638
0 66 49
66 0 71
49 71 0
0 453 98 335 490 4
453 0 64 72 347 -1
98 64 0 58 139 -1
335 72 58 0 459 413
490 347 139 459 0 283
4 -1 -1 413 283 0
