4
2395
265
2802
701
8
470
735
50
102
751
984
91
859
0 73 1 49
73 0 96 58
1 96 0 90
49 58 90 0
0 492 285 423 297 139 39 -1
492 0 -1 462 453 -1 -1 -1
285 -1 0 175 82 7 -1 389
423 462 175 0 364 167 497 335
297 453 82 364 0 225 -1 269
139 -1 7 167 225 0 -1 -1
39 -1 -1 497 -1 -1 0 -1
-1 -1 389 335 269 -1 -1 0
