4
2097
1593
33
244
8
750
807
752
89
311
31
178
541
0 69 58 46
69 0 -1 77
58 -1 0 75
46 77 75 0
0 348 350 244 283 8 431 443
348 0 -1 348 181 328 271 441
350 -1 0 331 92 143 48 -1
244 348 331 0 -1 393 310 -1
283 181 92 -1 0 126 232 -1
8 328 143 393 126 0 325 -1
431 271 48 310 232 325 0 98
443 441 -1 -1 -1 -1 98 0
