3
1198
1277
1409
6
729
711
360
235
19
528
0 45 1
45 0 32
1 32 0
0 358 401 55 314 117
358 0 340 161 95 114
401 340 0 115 330 196
55 161 115 0 281 475
314 95 330 281 0 277
117 114 196 475 277 0
