4
1537
606
2590
846
8
355
391
55
271
883
146
793
665
0 9 -1 94
9 0 -1 -1
-1 -1 0 85
94 -1 85 0
0 10 -1 170 67 96 492 -1
10 0 491 226 315 -1 239 452
-1 491 0 -1 334 -1 -1 -1
170 226 -1 0 60 421 84 -1
67 315 334 60 0 -1 43 89
96 -1 -1 421 -1 0 27 -1
492 239 -1 84 43 27 0 344
-1 452 -1 -1 89 -1 344 0
