4
1156
2855
1139
1962
8
460
229
979
440
908
136
531
461
0 77 50 -1
77 0 57 48
50 57 0 38
-1 48 38 0
0 69 436 263 -1 21 454 304
69 0 227 425 -1 215 251 226
436 227 0 264 -1 473 70 415
263 425 264 0 82 321 132 476
-1 -1 -1 82 0 424 328 175
21 215 473 321 424 0 474 245
454 251 70 132 328 474 0 44
304 226 415 476 175 245 44 0
