4
51
2704
2417
2290
8
968
716
277
144
650
289
427
466
0 79 79 27
79 0 29 79
79 29 0 97
27 79 97 0
0 -1 278 89 210 355 387 40
-1 0 188 -1 436 -1 -1 293
278 188 0 365 328 176 259 52
89 -1 365 0 -1 -1 113 -1
210 436 328 -1 0 354 -1 246
355 -1 176 -1 354 0 249 176
387 -1 259 113 -1 249 0 59
40 293 52 -1 246 176 59 0
