3
2767
261
2260
6
869
43
757
697
982
632
0 -1 81
-1 0 32
81 32 0
0 339 106 428 281 411
339 0 325 243 425 149
106 325 0 486 353 -1
428 243 486 0 239 57
281 425 353 239 0 303
411 149 -1 57 303 0
