4
602
2313
1413
2474
8
913
484
66
893
180
354
756
721
0 1 75 9
1 0 78 36
75 78 0 -1
9 36 -1 0
0 418 485 379 391 384 384 373
418 0 336 487 178 341 425 71
485 336 0 160 169 213 39 408
379 487 160 0 472 37 454 -1
391 178 169 472 0 295 137 396
384 341 213 37 295 0 38 48
384 425 39 454 137 38 0 267
373 71 408 -1 396 48 267 0
