4
2485
473
1107
2873
8
904
706
699
984
705
383
590
210
0 19 93 30
19 0 74 8
93 74 0 38
30 8 38 0
0 64 288 237 245 164 -1 -1
64 0 402 113 230 -1 218 152
288 402 0 20 177 357 220 432
237 113 20 0 126 357 -1 408
245 230 177 126 0 195 400 500
164 -1 357 357 195 0 418 -1
-1 218 220 -1 400 418 0 447
-1 152 432 408 500 -1 447 0
