4
158
2094
376
1252
8
230
407
412
692
60
24
538
237
0 -1 93 91
-1 0 8 52
93 8 0 27
91 52 27 0
0 83 193 280 135 75 471 417
83 0 461 146 300 19 101 317
193 461 0 -1 130 -1 444 -1
280 146 -1 0 346 346 303 274
135 300 130 346 0 61 96 209
75 19 -1 346 61 0 92 93
471 101 444 303 96 92 0 385
417 317 -1 274 209 93 385 0
