3
1644
1312
1621
6
972
227
702
263
666
184
0 19 84
19 0 37
84 37 0
0 344 383 160 136 40
344 0 177 366 -1 425
383 177 0 446 472 344
160 366 446 0 68 161
136 -1 472 68 0 213
40 425 344 161 213 0
