4
2777
1273
34
2305
8
721
696
282
540
118
406
994
978
0 87 42 23
87 0 -1 4
42 -1 0 39
23 4 39 0
0 440 182 131 440 354 275 -1
440 0 427 381 148 403 116 376
182 427 0 63 387 303 356 84
131 381 63 0 137 240 492 -1
440 148 387 137 0 291 263 -1
354 403 303 240 291 0 -1 102
275 116 356 492 263 -1 0 397
-1 376 84 -1 -1 102 397 0
