4
1910
2313
2635
708
8
221
715
463
634
264
622
163
860
0 56 85 93
56 0 63 -1
85 63 0 1
93 -1 1 0
0 373 394 215 354 276 88 177
373 0 489 81 -1 85 171 -1
394 489 0 221 27 469 351 291
215 81 221 0 335 311 139 90
354 -1 27 335 0 96 399 11
276 85 469 311 96 0 368 229
88 171 351 139 399 368 0 438
177 -1 291 90 11 229 438 0
