4
1225
2581
1447
2712
8
698
168
675
62
416
912
698
827
0 24 21 45
24 0 87 2
21 87 0 58
45 2 58 0
0 209 176 -1 464 48 350 72
209 0 275 345 419 -1 -1 109
176 275 0 7 226 65 410 198
-1 345 7 0 56 -1 305 452
464 419 226 56 0 190 1 400
48 -1 65 -1 190 0 169 487
350 -1 410 305 1 169 0 205
72 109 198 452 400 487 205 0
