4
2428
2393
2692
2644
8
681
282
419
627
75
250
523
400
0 84 48 92
84 0 78 25
48 78 0 29
92 25 29 0
0 289 -1 337 428 302 323 45
289 0 483 310 467 392 246 337
-1 483 0 -1 -1 129 -1 41
337 310 -1 0 119 -1 -1 -1
428 467 -1 119 0 1 205 190
302 392 129 -1 1 0 134 323
323 246 -1 -1 205 134 0 51
45 337 41 -1 190 323 51 0
