4
2989
2127
1001
99
8
39
781
165
680
402
603
227
814
0 21 19 85
21 0 5 25
19 5 0 8
85 25 8 0
0 389 192 472 -1 325 141 -1
389 0 168 391 308 62 483 378
192 168 0 114 249 363 324 86
472 391 114 0 486 343 37 434
-1 308 249 486 0 464 362 173
325 62 363 343 464 0 124 388
141 483 324 37 362 124 0 413
-1 378 86 434 173 388 413 0
