4
1930
2652
710
2171
8
914
190
545
671
413
632
829
344
0 -1 30 29
-1 0 22 77
30 22 0 30
29 77 30 0
0 326 55 375 50 56 364 372
326 0 -1 486 181 476 56 338
55 -1 0 368 467 40 129 397
375 486 368 0 265 72 339 421
50 181 467 265 0 354 59 123
56 476 40 72 354 0 16 472
364 56 129 339 59 16 0 368
372 338 397 421 123 472 368 0
