4
1366
2045
2359
1400
8
920
640
967
191
71
408
51
25
0 -1 -1 29
-1 0 -1 26
-1 -1 0 31
29 26 31 0
0 197 248 -1 421 295 315 -1
197 0 377 359 200 178 -1 412
248 377 0 232 150 280 171 146
-1 359 232 0 33 426 248 96
421 200 150 33 0 236 196 499
295 178 280 426 236 0 36 408
315 -1 171 248 196 36 0 389
-1 412 146 96 499 408 389 0
