3
1377
2989
772
6
979
509
934
260
13
610
0 77 9
77 0 6
9 6 0
0 -1 179 139 461 455
-1 0 369 237 346 -1
179 369 0 28 282 -1
139 237 28 0 231 182
461 346 282 231 0 409
455 -1 -1 182 409 0
