4
1145
1392
2638
1496
8
979
124
404
799
563
492
559
456
0 92 31 63
92 0 36 -1
31 36 0 87
63 -1 87 0
0 163 41 110 145 257 -1 210
163 0 340 312 438 269 -1 139
41 340 0 -1 119 -1 407 252
110 312 -1 0 51 213 -1 188
145 438 119 51 0 25 238 -1
257 269 -1 213 25 0 -1 276
-1 -1 407 -1 238 -1 0 -1
210 139 252 188 -1 276 -1 0
