4
1850
1600
558
2401
8
277
206
272
121
154
647
560
967
0 100 28 8
100 0 12 77
28 12 0 64
8 77 64 0
0 -1 -1 156 386 -1 -1 -1
-1 0 211 415 20 272 452 -1
-1 211 0 359 296 214 -1 108
156 415 359 0 114 248 97 315
386 20 296 114 0 48 471 356
-1 272 214 248 48 0 31 189
-1 452 -1 97 471 31 0 225
-1 -1 108 315 356 189 225 0
