4
991
1910
2088
1148
8
52
752
727
86
624
831
66
362
0 37 43 37
37 0 100 25
43 100 0 88
37 25 88 0
0 250 -1 119 133 11 261 315
250 0 465 215 459 361 -1 231
-1 465 0 -1 484 328 283 451
119 215 -1 0 62 243 217 462
133 459 484 62 0 -1 52 308
11 361 328 243 -1 0 471 141
261 -1 283 217 52 471 0 417
315 231 451 462 308 141 417 0
