4
2791
1694
1839
2819
8
755
367
940
656
996
728
998
332
0 61 47 68
61 0 1 77
47 1 0 45
68 77 45 0
0 434 48 274 253 330 -1 122
434 0 68 129 13 362 176 321
48 68 0 95 1 460 -1 129
274 129 95 0 22 228 -1 309
253 13 1 22 0 -1 31 307
330 362 460 228 -1 0 261 -1
-1 176 -1 -1 31 261 0 142
122 321 129 309 307 -1 142 0
