4
2268
1576
586
2407
8
883
332
54
941
369
651
760
340
0 22 89 3
22 0 18 -1
89 18 0 53
3 -1 53 0
0 124 456 37 446 315 239 150
124 0 273 181 180 285 229 91
456 273 0 -1 -1 241 431 126
37 181 -1 0 -1 332 211 365
446 180 -1 -1 0 -1 394 489
315 285 241 332 -1 0 457 73
239 229 431 211 394 457 0 225
150 91 126 365 489 73 225 0
