3
1567
2415
1950
6
784
103
838
854
92
113
0 72 82
72 0 100
82 100 0
0 269 468 252 -1 166
269 0 405 176 -1 388
468 405 0 214 -1 145
252 176 214 0 370 155
-1 -1 -1 370 0 310
166 388 145 155 310 0
