3
2612
2398
644
6
423
642
916
332
73
667
0 52 88
52 0 11
88 11 0
0 342 -1 296 254 -1
342 0 239 52 75 65
-1 239 0 281 404 478
296 52 281 0 76 274
254 75 404 76 0 -1
-1 65 478 274 -1 0
