4
1921
2872
865
1261
8
797
109
157
576
858
56
452
972
0 46 73 13
46 0 14 79
73 14 0 -1
13 79 -1 0
0 174 -1 140 -1 -1 143 261
174 0 192 393 139 45 152 212
-1 192 0 24 363 394 18 350
140 393 24 0 303 88 93 79
-1 139 363 303 0 38 478 294
-1 45 394 88 38 0 106 178
143 152 18 93 478 106 0 464
261 212 350 79 294 178 464 0
