4
274
1623
2306
2686
8
797
119
364
655
710
612
22
438
0 -1 35 29
-1 0 87 55
35 87 0 78
29 55 78 0
0 110 330 140 199 277 362 -1
110 0 441 262 219 391 190 450
330 441 0 307 375 276 58 297
140 262 307 0 462 282 129 158
199 219 375 462 0 470 455 454
277 391 276 282 470 0 86 66
362 190 58 129 455 86 0 400
-1 450 297 158 454 66 400 0
