4
1272
2427
1475
1535
8
974
993
606
906
602
66
449
933
0 29 43 20
29 0 25 27
43 25 0 21
20 27 21 0
0 181 143 398 155 401 98 122
181 0 25 88 24 187 361 116
143 25 0 85 185 -1 -1 313
398 88 85 0 196 227 118 -1
155 24 185 196 0 -1 80 -1
401 187 -1 227 -1 0 429 -1
98 361 -1 118 80 429 0 -1
122 116 313 -1 -1 -1 -1 0
