4
198
1393
2090
1110
8
91
358
115
50
553
437
67
30
0 63 28 89
63 0 95 70
28 95 0 56
89 70 56 0
0 90 255 -1 269 276 -1 -1
90 0 204 187 185 474 267 91
255 204 0 229 480 389 469 115
-1 187 229 0 230 473 231 151
269 185 480 230 0 47 316 -1
276 474 389 473 47 0 407 492
-1 267 469 231 316 407 0 332
-1 91 115 151 -1 492 332 0
