4
2470
1977
2040
732
8
184
459
451
934
525
881
122
551
0 79 76 80
79 0 26 22
76 26 0 44
80 22 44 0
0 419 56 227 390 180 298 382
419 0 240 166 338 317 489 31
56 240 0 466 205 434 492 317
227 166 466 0 131 -1 -1 55
390 338 205 131 0 -1 44 400
180 317 434 -1 -1 0 205 165
298 489 492 -1 44 205 0 388
382 31 317 55 400 165 388 0
