4
1201
755
1340
1753
8
642
520
12
590
458
876
392
227
0 38 -1 75
38 0 78 -1
-1 78 0 50
75 -1 50 0
0 429 77 217 318 147 400 37
429 0 487 307 105 318 262 346
77 487 0 270 409 431 141 144
217 307 270 0 -1 -1 139 121
318 105 409 -1 0 268 301 244
147 318 431 -1 268 0 264 442
400 262 141 139 301 264 0 135
37 346 144 121 244 442 135 0
