3
2321
444
2645
6
977
283
233
893
874
656
0 41 84
41 0 74
84 74 0
0 273 166 112 223 314
273 0 261 489 23 -1
166 261 0 407 52 446
112 489 407 0 344 190
223 23 52 344 0 247
314 -1 446 190 247 0
