4
2898
1370
2333
2087
8
590
731
74
114
648
200
389
391
0 67 71 75
67 0 22 6
71 22 0 56
75 6 56 0
0 141 422 179 195 175 -1 355
141 0 -1 269 144 99 -1 -1
422 -1 0 276 272 187 68 42
179 269 276 0 232 93 232 108
195 144 272 232 0 310 143 206
175 99 187 93 310 0 461 313
-1 -1 68 232 143 461 0 461
355 -1 42 108 206 313 461 0
