4
2271
2602
221
1743
8
618
992
838
466
261
813
515
742
0 78 58 51
78 0 68 77
58 68 0 -1
51 77 -1 0
0 48 4 44 338 238 112 197
48 0 182 225 14 -1 448 475
4 182 0 -1 149 118 270 68
44 225 -1 0 63 -1 304 168
338 14 149 63 0 292 226 292
238 -1 118 -1 292 0 51 -1
112 448 270 304 226 51 0 364
197 475 68 168 292 -1 364 0
