4
2020
2171
1105
1826
8
30
343
73
845
499
916
842
453
0 91 68 72
91 0 23 34
68 23 0 35
72 34 35 0
0 -1 108 493 -1 31 269 377
-1 0 345 164 -1 -1 -1 418
108 345 0 78 490 118 196 67
493 164 78 0 14 -1 205 260
-1 -1 490 14 0 321 92 -1
31 -1 118 -1 321 0 30 116
269 -1 196 205 92 30 0 2
377 418 67 260 -1 116 2 0
