4
2243
1251
2467
1087
8
95
166
42
463
746
634
403
854
0 66 32 57
66 0 93 83
32 93 0 53
57 83 53 0
0 -1 207 128 320 -1 -1 -1
-1 0 85 30 80 176 387 194
207 85 0 302 235 -1 389 58
128 30 302 0 72 257 31 150
320 80 235 72 0 108 479 150
-1 176 -1 257 108 0 378 36
-1 387 389 31 479 378 0 448
-1 194 58 150 150 36 448 0
