4
1389
2607
1023
359
8
273
652
630
904
614
227
640
515
0 70 4 35
70 0 31 96
4 31 0 93
35 96 93 0
0 165 -1 287 332 297 291 343
165 0 348 145 177 408 367 35
-1 348 0 491 307 125 -1 320
287 145 491 0 190 218 364 -1
332 177 307 190 0 309 365 74
297 408 125 218 309 0 100 228
291 367 -1 364 365 100 0 -1
343 35 320 -1 74 228 -1 0
