4
2444
2051
1907
1960
8
527
882
207
894
26
47
444
101
0 82 56 15
82 0 34 -1
56 34 0 85
15 -1 85 0
0 252 172 371 112 457 291 17
252 0 -1 448 369 400 251 -1
172 -1 0 365 213 300 241 -1
371 448 365 0 404 393 227 442
112 369 213 404 0 223 237 6
457 400 300 393 223 0 117 479
291 251 241 227 237 117 0 331
17 -1 -1 442 6 479 331 0
