4
2977
2576
1617
2295
8
883
250
124
118
942
439
795
865
0 -1 93 76
-1 0 40 -1
93 40 0 53
76 -1 53 0
0 497 71 -1 349 34 129 436
497 0 298 1 318 233 22 -1
71 298 0 477 187 16 285 90
-1 1 477 0 322 257 29 10
349 318 187 322 0 223 277 266
34 233 16 257 223 0 435 342
129 22 285 29 277 435 0 333
436 -1 90 10 266 342 333 0
