4
388
992
1159
1651
8
837
529
203
421
240
356
662
185
0 57 50 17
57 0 87 71
50 87 0 30
17 71 30 0
0 -1 -1 283 -1 259 471 423
-1 0 -1 417 106 -1 347 133
-1 -1 0 66 -1 376 232 28
283 417 66 0 430 2 41 262
-1 106 -1 430 0 384 367 463
259 -1 376 2 384 0 104 13
471 347 232 41 367 104 0 48
423 133 28 262 463 13 48 0
