4
1507
1174
334
2278
8
269
438
440
266
114
916
784
707
0 65 95 57
65 0 21 2
95 21 0 86
57 2 86 0
0 104 272 254 212 325 371 143
104 0 480 468 -1 -1 449 267
272 480 0 51 152 215 252 498
254 468 51 0 423 43 54 18
212 -1 152 423 0 -1 211 215
325 -1 215 43 -1 0 190 489
371 449 252 54 211 190 0 232
143 267 498 18 215 489 232 0
