4
363
359
2245
2037
8
671
499
67
165
494
198
893
265
0 76 47 58
76 0 39 57
47 39 0 77
58 57 77 0
0 193 190 -1 341 -1 168 445
193 0 285 115 54 130 448 -1
190 285 0 131 47 39 275 352
-1 115 131 0 97 65 411 110
341 54 47 97 0 354 196 236
-1 130 39 65 354 0 442 345
168 448 275 411 196 442 0 -1
445 -1 352 110 236 345 -1 0
