4
1396
2657
2974
1485
8
910
288
563
114
480
986
586
995
0 22 2 32
22 0 69 78
2 69 0 82
32 78 82 0
0 451 217 7 465 17 411 426
451 0 -1 75 -1 419 -1 344
217 -1 0 439 -1 142 481 478
7 75 439 0 36 115 262 122
465 -1 -1 36 0 90 410 -1
17 419 142 115 90 0 418 256
411 -1 481 262 410 418 0 418
426 344 478 122 -1 256 418 0
