4
1624
1517
1719
2893
8
746
401
691
288
730
191
162
53
0 3 29 22
3 0 31 27
29 31 0 -1
22 27 -1 0
0 496 280 336 150 96 304 38
496 0 31 450 -1 -1 -1 -1
280 31 0 350 -1 -1 -1 82
336 450 350 0 -1 -1 -1 141
150 -1 -1 -1 0 -1 -1 -1
96 -1 -1 -1 -1 0 40 -1
304 -1 -1 -1 -1 40 0 31
38 -1 82 141 -1 -1 31 0
