4
2480
2840
1947
1791
8
289
598
105
578
844
730
253
602
0 90 68 14
90 0 55 44
68 55 0 68
14 44 68 0
0 323 -1 348 150 12 500 200
323 0 416 266 369 12 -1 410
-1 416 0 316 464 75 -1 -1
348 266 316 0 161 279 69 -1
150 369 464 161 0 168 249 235
12 12 75 279 168 0 273 435
500 -1 -1 69 249 273 0 -1
200 410 -1 -1 235 435 -1 0
