4
1001
1054
2156
2626
8
285
560
729
925
842
811
540
882
0 53 86 85
53 0 91 -1
86 91 0 50
85 -1 50 0
0 273 470 146 76 154 342 19
273 0 299 221 64 160 259 -1
470 299 0 -1 185 25 184 494
146 221 -1 0 488 61 324 30
76 64 185 488 0 120 438 133
154 160 25 61 120 0 313 400
342 259 184 324 438 313 0 63
19 -1 494 30 133 400 63 0
