4
1970
2518
1723
2100
8
392
657
136
643
352
611
407
135
0 19 42 37
19 0 30 59
42 30 0 40
37 59 40 0
0 495 172 -1 -1 480 376 -1
495 0 217 447 60 -1 417 57
172 217 0 273 422 47 354 12
-1 447 273 0 229 -1 467 -1
-1 60 422 229 0 225 -1 114
480 -1 47 -1 225 0 392 -1
376 417 354 467 -1 392 0 41
-1 57 12 -1 114 -1 41 0
