4
1087
1634
2979
1203
8
285
288
115
210
117
190
491
42
0 66 92 86
66 0 73 68
92 73 0 29
86 68 29 0
0 117 499 267 390 471 170 271
117 0 73 250 455 401 -1 421
499 73 0 453 120 373 358 -1
267 250 453 0 15 31 -1 -1
390 455 120 15 0 71 315 382
471 401 373 31 71 0 422 406
170 -1 358 -1 315 422 0 394
271 421 -1 -1 382 406 394 0
