4
2693
2629
2749
777
8
39
97
325
507
929
915
254
98
0 75 14 19
75 0 42 76
14 42 0 -1
19 76 -1 0
0 76 5 151 263 452 261 363
76 0 445 -1 450 207 452 497
5 445 0 463 113 27 -1 178
151 -1 463 0 -1 39 396 49
263 450 113 -1 0 12 20 209
452 207 27 39 12 0 111 241
261 452 -1 396 20 111 0 445
363 497 178 49 209 241 445 0
