4
2878
2276
382
2113
8
318
498
675
556
390
675
139
352
0 44 88 84
44 0 97 80
88 97 0 83
84 80 83 0
0 61 -1 386 42 -1 -1 427
61 0 344 249 224 68 152 482
-1 344 0 -1 136 456 83 292
386 249 -1 0 -1 108 467 302
42 224 136 -1 0 89 11 84
-1 68 456 108 89 0 138 27
-1 152 83 467 11 138 0 377
427 482 292 302 84 27 377 0
