4
874
2100
2978
2716
8
613
275
785
312
639
270
453
13
0 64 -1 22
64 0 80 67
-1 80 0 33
22 67 33 0
0 494 363 -1 56 262 21 182
494 0 393 63 78 -1 -1 -1
363 393 0 105 84 238 337 353
-1 63 105 0 21 -1 -1 113
56 78 84 21 0 -1 298 141
262 -1 238 -1 -1 0 -1 461
21 -1 337 -1 298 -1 0 -1
182 -1 353 113 141 461 -1 0
