4
2915
747
1161
1057
8
687
431
637
624
414
537
161
309
0 64 96 55
64 0 21 62
96 21 0 37
55 62 37 0
0 442 273 204 355 492 462 258
442 0 -1 284 82 229 477 33
273 -1 0 218 188 -1 137 146
204 284 218 0 500 287 431 438
355 82 188 500 0 231 173 499
492 229 -1 287 231 0 -1 37
462 477 137 431 173 -1 0 433
258 33 146 438 499 37 433 0
