4
2154
2862
2301
1286
8
223
683
139
79
731
777
795
896
0 73 93 -1
73 0 9 42
93 9 0 52
-1 42 52 0
0 392 -1 30 469 109 483 147
392 0 478 -1 -1 349 -1 346
-1 478 0 209 -1 190 224 391
30 -1 209 0 -1 26 59 366
469 -1 -1 -1 0 104 -1 386
109 349 190 26 104 0 -1 362
483 -1 224 59 -1 -1 0 -1
147 346 391 366 386 362 -1 0
