4
2593
291
656
1201
8
533
192
247
716
581
187
132
874
0 23 97 42
23 0 19 22
97 19 0 92
42 22 92 0
0 102 53 454 66 328 23 -1
102 0 114 245 111 -1 419 203
53 114 0 264 -1 120 195 -1
454 245 264 0 234 225 209 76
66 111 -1 234 0 257 441 63
328 -1 120 225 257 0 181 35
23 419 195 209 441 181 0 417
-1 203 -1 76 63 35 417 0
