4
1947
2774
1465
2888
8
724
662
100
632
80
161
186
126
0 51 37 37
51 0 55 37
37 55 0 26
37 37 26 0
0 207 64 17 478 141 12 493
207 0 -1 380 45 460 11 -1
64 -1 0 135 434 164 75 11
17 380 135 0 -1 -1 103 4
478 45 434 -1 0 114 325 -1
141 460 164 -1 114 0 107 -1
12 11 75 103 325 107 0 424
493 -1 11 4 -1 -1 424 0
