4
2166
694
2751
2327
8
811
430
160
670
960
152
851
175
0 49 -1 97
49 0 11 -1
-1 11 0 87
97 -1 87 0
0 344 -1 111 -1 221 -1 -1
344 0 405 376 -1 101 -1 416
-1 405 0 306 -1 379 314 -1
111 376 306 0 411 84 144 82
-1 -1 -1 411 0 7 -1 231
221 101 379 84 7 0 226 142
-1 -1 314 144 -1 226 0 -1
-1 416 -1 82 231 142 -1 0
