4
2888
2877
2634
2383
8
474
500
702
593
119
329
232
49
0 78 34 43
78 0 58 37
34 58 0 89
43 37 89 0
0 -1 282 216 287 356 243 176
-1 0 -1 208 30 89 -1 81
282 -1 0 461 -1 -1 -1 168
216 208 461 0 145 -1 393 394
287 30 -1 145 0 337 5 433
356 89 -1 -1 337 0 -1 -1
243 -1 -1 393 5 -1 0 62
176 81 168 394 433 -1 62 0
