4
2607
2082
2856
1679
8
973
838
677
498
959
884
851
467
0 7 -1 96
7 0 83 19
-1 83 0 47
96 19 47 0
0 446 -1 409 284 -1 282 -1
446 0 419 219 49 -1 176 433
-1 419 0 21 282 275 138 402
409 219 21 0 253 378 118 259
284 49 282 253 0 490 208 275
-1 -1 275 378 490 0 470 250
282 176 138 118 208 470 0 230
-1 433 402 259 275 250 230 0
