4
1242
1979
1347
1663
8
805
422
949
498
61
164
615
378
0 48 68 91
48 0 53 47
68 53 0 37
91 47 37 0
0 88 135 192 490 32 -1 16
88 0 3 344 194 11 430 118
135 3 0 7 488 388 365 377
192 344 7 0 -1 108 140 68
490 194 488 -1 0 264 -1 119
32 11 388 108 264 0 494 149
-1 430 365 140 -1 494 0 60
16 118 377 68 119 149 60 0
