4
2705
2380
2297
1803
8
367
798
322
748
317
519
929
780
0 12 -1 93
12 0 51 71
-1 51 0 -1
93 71 -1 0
0 107 220 354 174 478 -1 330
107 0 419 355 251 301 122 443
220 419 0 -1 179 -1 -1 140
354 355 -1 0 115 425 -1 302
174 251 179 115 0 90 181 92
478 301 -1 425 90 0 244 484
-1 122 -1 -1 181 244 0 -1
330 443 140 302 92 484 -1 0
