4
2980
1296
2362
1275
8
88
599
708
399
229
757
199
510
0 24 92 4
24 0 -1 29
92 -1 0 13
4 29 13 0
0 -1 469 488 336 26 -1 11
-1 0 273 164 306 130 53 493
469 273 0 340 -1 214 -1 338
488 164 340 0 -1 157 378 -1
336 306 -1 -1 0 -1 -1 487
26 130 214 157 -1 0 162 -1
-1 53 -1 378 -1 162 0 88
11 493 338 -1 487 -1 88 0
