4
609
756
1810
2317
8
301
988
539
122
774
45
408
253
0 53 54 65
53 0 85 73
54 85 0 37
65 73 37 0
0 431 412 142 468 148 486 445
431 0 -1 -1 271 64 317 -1
412 -1 0 290 316 207 186 458
142 -1 290 0 358 260 53 136
468 271 316 358 0 98 -1 494
148 64 207 260 98 0 56 195
486 317 186 53 -1 56 0 181
445 -1 458 136 494 195 181 0
