4
1152
701
2700
469
8
184
132
833
110
39
701
28
388
0 90 84 22
90 0 16 24
84 16 0 40
22 24 40 0
0 98 229 421 40 393 173 184
98 0 273 128 273 238 286 327
229 273 0 354 316 172 496 373
421 128 354 0 28 3 129 300
40 273 316 28 0 442 251 362
393 238 172 3 442 0 83 241
173 286 496 129 251 83 0 105
184 327 373 300 362 241 105 0
