4
334
2715
1378
2027
8
182
235
135
652
37
295
605
199
0 84 87 44
84 0 7 12
87 7 0 4
44 12 4 0
0 153 -1 128 -1 -1 221 433
153 0 -1 -1 -1 352 183 476
-1 -1 0 121 323 478 21 -1
128 -1 121 0 37 -1 134 300
-1 -1 323 37 0 -1 441 -1
-1 352 478 -1 -1 0 375 -1
221 183 21 134 441 375 0 228
433 476 -1 300 -1 -1 228 0
