4
502
1526
714
2686
8
962
976
290
240
663
376
118
374
0 3 46 65
3 0 37 46
46 37 0 90
65 46 90 0
0 427 343 207 -1 258 -1 217
427 0 193 487 193 -1 161 31
343 193 0 18 179 426 313 60
207 487 18 0 253 477 301 -1
-1 193 179 253 0 492 -1 430
258 -1 426 477 492 0 -1 428
-1 161 313 301 -1 -1 0 -1
217 31 60 -1 430 428 -1 0
