4
2122
2777
1558
2425
8
909
707
466
945
223
563
433
565
0 39 -1 3
39 0 98 69
-1 98 0 85
3 69 85 0
0 44 289 -1 371 305 240 -1
44 0 48 -1 32 20 140 -1
289 48 0 451 343 333 331 163
-1 -1 451 0 478 217 331 385
371 32 343 478 0 15 143 410
305 20 333 217 15 0 418 35
240 140 331 331 143 418 0 441
-1 -1 163 385 410 35 441 0
