4
1727
1945
518
615
8
697
205
675
366
459
119
715
568
0 59 -1 43
59 0 19 20
-1 19 0 69
43 20 69 0
0 193 223 325 79 50 -1 79
193 0 459 15 302 58 221 337
223 459 0 226 353 -1 332 -1
325 15 226 0 328 364 45 306
79 302 353 328 0 79 -1 56
50 58 -1 364 79 0 -1 388
-1 221 332 45 -1 -1 0 265
79 337 -1 306 56 388 265 0
