4
924
1639
1166
1465
8
589
640
307
121
618
501
947
76
0 -1 48 -1
-1 0 -1 70
48 -1 0 30
-1 70 30 0
0 395 240 83 354 318 355 374
395 0 -1 298 294 214 115 126
240 -1 0 249 202 465 449 -1
83 298 249 0 265 211 280 229
354 294 202 265 0 236 89 185
318 214 465 211 236 0 492 -1
355 115 449 280 89 492 0 127
374 126 -1 229 185 -1 127 0
