4
1764
1772
2748
2084
8
366
772
800
504
605
277
912
612
0 78 13 13
78 0 -1 -1
13 -1 0 65
13 -1 65 0
0 -1 227 181 260 -1 333 45
-1 0 472 427 101 -1 327 -1
227 472 0 243 28 303 313 466
181 427 243 0 236 291 369 33
260 101 28 236 0 376 435 -1
-1 -1 303 291 376 0 164 289
333 327 313 369 435 164 0 126
45 -1 466 33 -1 289 126 0
