4
326
1949
1087
1150
8
288
323
521
254
807
547
555
694
0 50 78 73
50 0 88 82
78 88 0 79
73 82 79 0
0 377 120 322 193 148 85 376
377 0 386 151 -1 410 239 255
120 386 0 176 59 301 254 179
322 151 176 0 -1 232 -1 446
193 -1 59 -1 0 226 271 283
148 410 301 232 226 0 329 357
85 239 254 -1 271 329 0 192
376 255 179 446 283 357 192 0
