4
2677
1803
700
2173
8
439
398
101
292
909
477
359
48
0 26 4 46
26 0 63 -1
4 63 0 41
46 -1 41 0
0 482 328 264 443 311 489 247
482 0 339 162 442 263 50 413
328 339 0 109 88 141 -1 372
264 162 109 0 263 179 156 175
443 442 88 263 0 256 368 172
311 263 141 179 256 0 470 -1
489 50 -1 156 368 470 0 438
247 413 372 175 172 -1 438 0
