4
2042
2121
1134
1775
8
232
60
195
814
365
376
46
961
0 45 5 77
45 0 7 97
5 7 0 -1
77 97 -1 0
0 487 242 193 93 438 218 263
487 0 440 462 425 114 -1 319
242 440 0 222 162 490 483 490
193 462 222 0 348 61 482 489
93 425 162 348 0 -1 98 297
438 114 490 61 -1 0 453 454
218 -1 483 482 98 453 0 346
263 319 490 489 297 454 346 0
