4
1612
2806
1048
718
8
969
515
743
176
110
629
138
226
0 13 45 5
13 0 -1 57
45 -1 0 94
5 57 94 0
0 276 -1 104 432 398 149 -1
276 0 289 292 121 -1 400 384
-1 289 0 26 466 195 267 399
104 292 26 0 5 460 86 -1
432 121 466 5 0 21 202 454
398 -1 195 460 21 0 64 272
149 400 267 86 202 64 0 -1
-1 384 399 -1 454 272 -1 0
