4
1182
2844
427
1825
8
816
127
31
416
733
21
453
216
0 10 14 -1
10 0 -1 -1
14 -1 0 76
-1 -1 76 0
0 285 174 59 -1 72 372 -1
285 0 -1 222 417 348 -1 -1
174 -1 0 -1 -1 284 213 -1
59 222 -1 0 -1 216 191 230
-1 417 -1 -1 0 -1 44 482
72 348 284 216 -1 0 42 -1
372 -1 213 191 44 42 0 401
-1 -1 -1 230 482 -1 401 0
