4
2785
1029
2090
2022
8
199
78
550
22
297
495
533
305
0 6 68 49
6 0 48 -1
68 48 0 26
49 -1 26 0
0 40 -1 28 372 92 -1 224
40 0 120 480 484 242 309 274
-1 120 0 141 -1 361 482 310
28 480 141 0 45 150 -1 229
372 484 -1 45 0 466 390 194
92 242 361 150 466 0 -1 478
-1 309 482 -1 390 -1 0 378
224 274 310 229 194 478 378 0
