4
942
2722
1124
2974
8
773
285
134
787
465
314
759
17
0 79 60 37
79 0 -1 -1
60 -1 0 -1
37 -1 -1 0
0 290 170 73 413 342 11 -1
290 0 286 271 481 189 29 325
170 286 0 469 99 377 -1 210
73 271 469 0 393 457 185 119
413 481 99 393 0 455 352 -1
342 189 377 457 455 0 -1 133
11 29 -1 185 352 -1 0 427
-1 325 210 119 -1 133 427 0
