4
664
2044
1966
1070
8
193
328
717
443
43
414
742
206
0 48 37 85
48 0 95 8
37 95 0 65
85 8 65 0
0 62 319 331 484 340 34 -1
62 0 79 418 234 3 254 295
319 79 0 81 -1 264 345 444
331 418 81 0 317 468 337 336
484 234 -1 317 0 64 -1 104
340 3 264 468 64 0 199 207
34 254 345 337 -1 199 0 412
-1 295 444 336 104 207 412 0
