4
1159
926
910
686
8
422
809
19
36
54
473
432
503
0 37 99 98
37 0 42 82
99 42 0 49
98 82 49 0
0 130 451 192 184 232 240 258
130 0 189 79 373 151 254 298
451 189 0 294 195 49 199 40
192 79 294 0 441 125 6 -1
184 373 195 441 0 232 173 232
232 151 49 125 232 0 109 130
240 254 199 6 173 109 0 118
258 298 40 -1 232 130 118 0
