4
1774
517
752
2706
8
649
498
587
115
981
866
331
278
0 86 -1 61
86 0 48 3
-1 48 0 12
61 3 12 0
0 196 398 374 38 263 152 87
196 0 493 -1 252 439 194 329
398 493 0 -1 53 139 259 284
374 -1 -1 0 292 73 214 388
38 252 53 292 0 -1 199 490
263 439 139 73 -1 0 191 -1
152 194 259 214 199 191 0 427
87 329 284 388 490 -1 427 0
