4
2419
1296
2900
470
8
276
216
142
5
317
315
499
370
0 4 64 -1
4 0 88 7
64 88 0 61
-1 7 61 0
0 -1 -1 241 458 395 370 122
-1 0 -1 408 392 473 313 270
-1 -1 0 38 406 493 -1 -1
241 408 38 0 252 47 293 148
458 392 406 252 0 247 94 375
395 473 493 47 247 0 1 432
370 313 -1 293 94 1 0 -1
122 270 -1 148 375 432 -1 0
