4
1958
239
420
1589
8
444
45
869
148
132
275
625
933
0 87 2 99
87 0 -1 74
2 -1 0 -1
99 74 -1 0
0 352 450 196 16 353 -1 486
352 0 380 391 75 187 361 187
450 380 0 493 371 469 195 24
196 391 493 0 261 34 423 -1
16 75 371 261 0 -1 426 391
353 187 469 34 -1 0 427 255
-1 361 195 423 426 427 0 104
486 187 24 -1 391 255 104 0
