4
2628
1465
1889
2333
8
632
51
878
973
539
118
351
395
0 42 63 50
42 0 12 82
63 12 0 62
50 82 62 0
0 275 -1 57 460 136 69 390
275 0 299 382 441 197 119 471
-1 299 0 244 250 165 -1 189
57 382 244 0 168 156 38 271
460 441 250 168 0 -1 -1 277
136 197 165 156 -1 0 35 398
69 119 -1 38 -1 35 0 321
390 471 189 271 277 398 321 0
