4
2153
310
1301
1527
8
625
451
287
17
213
379
291
696
0 18 68 42
18 0 -1 4
68 -1 0 97
42 4 97 0
0 -1 88 312 456 211 270 171
-1 0 284 -1 257 59 225 436
88 284 0 258 412 46 1 264
312 -1 258 0 267 214 290 304
456 257 412 267 0 107 38 302
211 59 46 214 107 0 407 423
270 225 1 290 38 407 0 350
171 436 264 304 302 423 350 0
