4
2249
2033
2632
2948
8
796
850
227
632
292
47
849
484
0 -1 93 56
-1 0 15 3
93 15 0 89
56 3 89 0
0 346 383 285 255 57 400 95
346 0 426 -1 185 -1 329 263
383 426 0 229 168 421 180 34
285 -1 229 0 429 -1 171 -1
255 185 168 429 0 426 359 24
57 -1 421 -1 426 0 287 -1
400 329 180 171 359 287 0 183
95 263 34 -1 24 -1 183 0
