4
1871
450
2260
2003
8
401
387
504
585
874
583
148
946
0 3 64 77
3 0 91 47
64 91 0 52
77 47 52 0
0 -1 480 3 155 437 -1 299
-1 0 236 167 219 9 317 182
480 236 0 -1 203 340 158 47
3 167 -1 0 380 -1 118 456
155 219 203 380 0 106 137 258
437 9 340 -1 106 0 85 276
-1 317 158 118 137 85 0 434
299 182 47 456 258 276 434 0
