4
2194
1693
107
2177
8
78
99
122
510
317
213
977
862
0 42 30 10
42 0 38 48
30 38 0 -1
10 48 -1 0
0 -1 451 431 1 304 415 472
-1 0 439 -1 422 476 -1 131
451 439 0 405 220 212 404 309
431 -1 405 0 275 165 -1 144
1 422 220 275 0 376 124 398
304 476 212 165 376 0 118 83
415 -1 404 -1 124 118 0 -1
472 131 309 144 398 83 -1 0
