4
1181
2033
1823
2480
8
645
798
808
473
465
838
245
889
0 97 94 85
97 0 25 57
94 25 0 38
85 57 38 0
0 37 15 217 -1 26 85 1
37 0 -1 369 196 2 -1 330
15 -1 0 360 451 329 274 447
217 369 360 0 278 452 188 58
-1 196 451 278 0 124 -1 -1
26 2 329 452 124 0 150 280
85 -1 274 188 -1 150 0 -1
1 330 447 58 -1 280 -1 0
