4
2066
2911
2161
1669
8
345
915
119
861
240
273
17
745
0 68 92 38
68 0 59 45
92 59 0 25
38 45 25 0
0 221 204 255 251 493 293 417
221 0 291 341 68 477 -1 261
204 291 0 125 8 294 323 445
255 341 125 0 -1 101 276 -1
251 68 8 -1 0 213 -1 -1
493 477 294 101 213 0 447 -1
293 -1 323 276 -1 447 0 424
417 261 445 -1 -1 -1 424 0
