4
2040
1007
226
2523
8
960
261
52
881
363
36
472
84
0 43 -1 -1
43 0 -1 6
-1 -1 0 30
-1 6 30 0
0 190 352 114 -1 382 464 274
190 0 -1 -1 45 61 497 -1
352 -1 0 -1 226 154 471 384
114 -1 -1 0 70 -1 208 21
-1 45 226 70 0 263 370 134
382 61 154 -1 263 0 332 234
464 497 471 208 370 332 0 492
274 -1 384 21 134 234 492 0
