4
243
664
2516
2984
8
213
792
29
458
585
473
116
813
0 69 27 59
69 0 15 98
27 15 0 48
59 98 48 0
0 263 -1 93 466 170 -1 53
263 0 -1 396 15 255 205 -1
-1 -1 0 222 329 291 313 -1
93 396 222 0 369 390 -1 249
466 15 329 369 0 418 17 404
170 255 291 390 418 0 171 473
-1 205 313 -1 17 171 0 104
53 -1 -1 249 404 473 104 0
