4
364
2397
2804
2476
8
464
432
420
11
392
512
398
726
0 73 15 32
73 0 5 67
15 5 0 -1
32 67 -1 0
0 212 358 -1 272 23 300 215
212 0 226 111 160 103 36 224
358 226 0 239 109 381 128 -1
-1 111 239 0 380 175 151 63
272 160 109 380 0 480 285 249
23 103 381 175 480 0 36 275
300 36 128 151 285 36 0 46
215 224 -1 63 249 275 46 0
