4
1455
24
2281
1756
8
468
883
401
153
58
35
808
537
0 63 32 59
63 0 26 99
32 26 0 46
59 99 46 0
0 228 360 12 384 104 385 444
228 0 287 364 334 21 449 498
360 287 0 -1 445 -1 -1 247
12 364 -1 0 480 318 276 398
384 334 445 480 0 56 277 -1
104 21 -1 318 56 0 188 393
385 449 -1 276 277 188 0 407
444 498 247 398 -1 393 407 0
