4
1270
3000
1449
594
8
749
952
128
262
561
974
647
192
0 98 83 -1
98 0 36 79
83 36 0 62
-1 79 62 0
0 120 245 42 268 354 72 67
120 0 124 -1 209 442 159 168
245 124 0 446 137 187 237 111
42 -1 446 0 475 303 160 258
268 209 137 475 0 368 485 173
354 442 187 303 368 0 285 56
72 159 237 160 485 285 0 267
67 168 111 258 173 56 267 0
