4
421
2095
1386
2415
8
85
485
215
326
893
105
867
188
0 3 19 -1
3 0 25 55
19 25 0 81
-1 55 81 0
0 441 248 359 61 18 387 197
441 0 67 300 10 38 205 157
248 67 0 182 203 144 42 176
359 300 182 0 245 227 183 206
61 10 203 245 0 168 210 -1
18 38 144 227 168 0 324 81
387 205 42 183 210 324 0 317
197 157 176 206 -1 81 317 0
