4
885
1706
1459
919
8
444
396
680
692
353
908
403
408
0 72 57 65
72 0 74 60
57 74 0 71
65 60 71 0
0 263 381 476 453 173 415 498
263 0 472 -1 406 250 330 -1
381 472 0 238 75 106 5 362
476 -1 238 0 211 -1 392 355
453 406 75 211 0 416 -1 202
173 250 106 -1 416 0 255 430
415 330 5 392 -1 255 0 455
498 -1 362 355 202 430 455 0
