4
409
2082
1493
1627
8
938
676
444
31
372
986
217
712
0 95 48 51
95 0 45 15
48 45 0 19
51 15 19 0
0 131 -1 9 469 210 215 37
131 0 252 370 -1 386 89 419
-1 252 0 308 426 232 -1 148
9 370 308 0 43 114 -1 495
469 -1 426 43 0 420 191 253
210 386 232 114 420 0 130 428
215 89 -1 -1 191 130 0 141
37 419 148 495 253 428 141 0
