4
1426
2212
2453
320
8
461
85
387
530
730
567
124
265
0 54 76 31
54 0 35 25
76 35 0 36
31 25 36 0
0 364 148 494 384 129 415 59
364 0 79 421 251 229 352 133
148 79 0 -1 21 390 -1 437
494 421 -1 0 245 184 132 198
384 251 21 245 0 300 88 158
129 229 390 184 300 0 52 252
415 352 -1 132 88 52 0 221
59 133 437 198 158 252 221 0
