4
1111
2663
424
1878
8
353
546
82
240
294
209
34
937
0 57 -1 43
57 0 87 19
-1 87 0 1
43 19 1 0
0 484 319 27 -1 497 316 38
484 0 7 496 119 100 346 13
319 7 0 446 334 -1 -1 -1
27 496 446 0 369 424 386 -1
-1 119 334 369 0 426 251 73
497 100 -1 424 426 0 -1 173
316 346 -1 386 251 -1 0 324
38 13 -1 -1 73 173 324 0
