4
2843
1770
2499
213
8
370
455
201
584
824
381
550
836
0 2 83 37
2 0 9 100
83 9 0 49
37 100 49 0
0 -1 -1 -1 290 -1 469 182
-1 0 265 190 312 251 266 -1
-1 265 0 172 242 109 250 61
-1 190 172 0 415 334 364 414
290 312 242 415 0 262 438 201
-1 251 109 334 262 0 405 350
469 266 250 364 438 405 0 165
182 -1 61 414 201 350 165 0
