4
870
557
2048
159
8
251
4
18
170
497
980
351
15
0 99 58 4
99 0 6 95
58 6 0 50
4 95 50 0
0 302 81 296 -1 313 13 -1
302 0 188 -1 23 105 394 231
81 188 0 48 272 39 479 377
296 -1 48 0 181 129 217 322
-1 23 272 181 0 175 198 108
313 105 39 129 175 0 176 246
13 394 479 217 198 176 0 83
-1 231 377 322 108 246 83 0
