4
2468
367
2977
2851
8
702
367
507
351
7
780
932
68
0 -1 -1 52
-1 0 49 92
-1 49 0 68
52 92 68 0
0 277 300 442 10 55 180 34
277 0 -1 191 216 -1 67 31
300 -1 0 428 265 -1 177 81
442 191 428 0 395 369 441 195
10 216 265 395 0 158 198 179
55 -1 -1 369 158 0 44 399
180 67 177 441 198 44 0 24
34 31 81 195 179 399 24 0
