4
2596
2478
576
162
8
721
594
336
632
649
9
926
206
0 33 -1 46
33 0 53 95
-1 53 0 -1
46 95 -1 0
0 303 385 451 387 401 126 181
303 0 476 82 269 460 200 34
385 476 0 447 403 291 304 241
451 82 447 0 307 351 280 -1
387 269 403 307 0 64 66 109
401 460 291 351 64 0 172 417
126 200 304 280 66 172 0 344
181 34 241 -1 109 417 344 0
