4
1071
2870
2757
2331
8
110
495
599
716
294
65
662
18
0 97 -1 95
97 0 50 68
-1 50 0 70
95 68 70 0
0 -1 415 160 74 364 255 -1
-1 0 -1 413 445 -1 82 394
415 -1 0 194 481 27 223 483
160 413 194 0 167 21 1 126
74 445 481 167 0 -1 481 180
364 -1 27 21 -1 0 146 -1
255 82 223 1 481 146 0 167
-1 394 483 126 180 -1 167 0
