4
1069
2622
1811
2492
8
473
863
99
56
196
35
361
168
0 69 27 43
69 0 87 38
27 87 0 79
43 38 79 0
0 -1 25 455 -1 420 287 -1
-1 0 304 117 -1 459 -1 -1
25 304 0 171 377 60 238 454
455 117 171 0 -1 351 36 429
-1 -1 377 -1 0 -1 413 73
420 459 60 351 -1 0 51 208
287 -1 238 36 413 51 0 490
-1 -1 454 429 73 208 490 0
