4
2255
668
1519
102
8
239
715
882
244
390
362
82
298
0 85 50 2
85 0 41 6
50 41 0 80
2 6 80 0
0 174 241 349 396 275 296 397
174 0 338 -1 394 452 -1 69
241 338 0 104 322 93 244 9
349 -1 104 0 35 -1 217 319
396 394 322 35 0 201 147 497
275 452 93 -1 201 0 351 98
296 -1 244 217 147 351 0 295
397 69 9 319 497 98 295 0
