4
2748
2463
549
1283
8
206
362
513
214
139
953
693
20
0 63 32 12
63 0 5 100
32 5 0 19
12 100 19 0
0 283 347 489 66 143 202 86
283 0 116 379 385 66 171 170
347 116 0 336 113 113 428 -1
489 379 336 0 83 372 143 246
66 385 113 83 0 460 181 95
143 66 113 372 460 0 15 -1
202 171 428 143 181 15 0 175
86 170 -1 246 95 -1 175 0
