4
2387
1176
2787
2293
8
570
96
212
7
698
151
125
819
0 -1 -1 54
-1 0 26 -1
-1 26 0 40
54 -1 40 0
0 479 21 204 162 407 478 175
479 0 333 -1 307 413 -1 -1
21 333 0 402 102 354 10 386
204 -1 402 0 115 -1 448 -1
162 307 102 115 0 269 116 -1
407 413 354 -1 269 0 -1 82
478 -1 10 448 116 -1 0 -1
175 -1 386 -1 -1 82 -1 0
