4
2508
1535
225
147
8
104
32
923
436
426
586
410
510
0 37 90 73
37 0 35 -1
90 35 0 92
73 -1 92 0
0 121 67 -1 392 225 446 -1
121 0 207 186 118 128 358 431
67 207 0 80 121 -1 329 233
-1 186 80 0 41 66 71 437
392 118 121 41 0 -1 322 398
225 128 -1 66 -1 0 -1 -1
446 358 329 71 322 -1 0 360
-1 431 233 437 398 -1 360 0
