4
2485
2769
1169
1385
8
858
157
746
700
15
401
486
39
0 -1 6 29
-1 0 78 -1
6 78 0 24
29 -1 24 0
0 349 1 203 -1 -1 113 -1
349 0 119 493 443 181 103 170
1 119 0 121 413 323 383 -1
203 493 121 0 220 115 -1 426
-1 443 413 220 0 490 -1 282
-1 181 323 115 490 0 90 -1
113 103 383 -1 -1 90 0 -1
-1 170 -1 426 282 -1 -1 0
