4
910
340
922
522
8
604
191
259
17
305
52
231
74
0 49 46 29
49 0 16 90
46 16 0 56
29 90 56 0
0 -1 346 32 249 68 370 146
-1 0 -1 416 350 -1 398 498
346 -1 0 477 458 -1 148 -1
32 416 477 0 322 402 288 464
249 350 458 322 0 1 151 303
68 -1 -1 402 1 0 243 189
370 398 148 288 151 243 0 378
146 498 -1 464 303 189 378 0
