4
2650
2835
926
2898
8
670
761
96
626
531
587
935
928
0 84 76 39
84 0 77 64
76 77 0 12
39 64 12 0
0 346 376 172 165 153 259 456
346 0 413 337 31 423 72 -1
376 413 0 2 306 287 415 86
172 337 2 0 394 180 -1 326
165 31 306 394 0 115 42 -1
153 423 287 180 115 0 89 399
259 72 415 -1 42 89 0 -1
456 -1 86 326 -1 399 -1 0
