4
2857
288
44
2906
8
431
958
423
500
904
932
48
993
0 97 58 28
97 0 2 32
58 2 0 87
28 32 87 0
0 357 317 197 252 -1 378 151
357 0 -1 353 -1 -1 233 357
317 -1 0 -1 247 400 356 -1
197 353 -1 0 457 97 359 323
252 -1 247 457 0 13 341 306
-1 -1 400 97 13 0 285 253
378 233 356 359 341 285 0 474
151 357 -1 323 306 253 474 0
