4
2341
1056
1439
1739
8
229
300
58
571
548
84
914
679
0 85 43 8
85 0 59 48
43 59 0 29
8 48 29 0
0 228 359 105 75 -1 252 499
228 0 -1 111 462 316 436 411
359 -1 0 431 129 30 60 387
105 111 431 0 178 324 407 59
75 462 129 178 0 -1 -1 73
-1 316 30 324 -1 0 405 61
252 436 60 407 -1 405 0 95
499 411 387 59 73 61 95 0
