4
1637
2731
2170
2968
8
288
537
689
687
361
912
530
775
0 35 -1 18
35 0 -1 76
-1 -1 0 61
18 76 61 0
0 109 159 36 469 343 324 441
109 0 431 459 75 25 412 90
159 431 0 52 279 487 369 201
36 459 52 0 99 349 131 492
469 75 279 99 0 423 376 33
343 25 487 349 423 0 315 482
324 412 369 131 376 315 0 477
441 90 201 492 33 482 477 0
