4
2329
1978
2069
624
8
182
863
974
575
124
176
599
89
0 77 67 96
77 0 73 73
67 73 0 73
96 73 73 0
0 485 132 42 62 -1 382 -1
485 0 74 167 159 -1 364 -1
132 74 0 225 212 353 165 250
42 167 225 0 331 247 94 202
62 159 212 331 0 -1 98 313
-1 -1 353 247 -1 0 -1 249
382 364 165 94 98 -1 0 339
-1 -1 250 202 313 249 339 0
