4
1207
1037
2918
1884
8
54
435
303
77
615
980
50
764
0 76 51 12
76 0 94 59
51 94 0 20
12 59 20 0
0 24 -1 154 348 454 365 -1
24 0 14 328 359 33 320 348
-1 14 0 -1 232 176 199 176
154 328 -1 0 38 193 145 86
348 359 232 38 0 60 366 293
454 33 176 193 60 0 417 147
365 320 199 145 366 417 0 -1
-1 348 176 86 293 147 -1 0
