4
1334
1909
2256
2642
8
236
102
245
555
628
193
978
503
0 -1 -1 66
-1 0 26 -1
-1 26 0 68
66 -1 68 0
0 -1 264 276 -1 472 329 75
-1 0 498 70 -1 388 85 -1
264 498 0 47 169 172 324 398
276 70 47 0 134 281 261 7
-1 -1 169 134 0 365 146 -1
472 388 172 281 365 0 232 415
329 85 324 261 146 232 0 308
75 -1 398 7 -1 415 308 0
