4
1915
2387
912
1659
8
472
23
285
162
938
298
427
419
0 60 98 42
60 0 -1 44
98 -1 0 71
42 44 71 0
0 -1 -1 297 130 263 47 229
-1 0 -1 448 18 226 -1 -1
-1 -1 0 -1 -1 319 -1 169
297 448 -1 0 -1 499 280 379
130 18 -1 -1 0 63 255 404
263 226 319 499 63 0 140 431
47 -1 -1 280 255 140 0 177
229 -1 169 379 404 431 177 0
