4
2174
1345
97
2684
8
85
768
630
383
145
620
585
322
0 42 23 -1
42 0 2 10
23 2 0 39
-1 10 39 0
0 63 -1 -1 247 -1 98 401
63 0 407 60 166 5 201 308
-1 407 0 293 173 352 -1 448
-1 60 293 0 453 195 69 -1
247 166 173 453 0 202 11 107
-1 5 352 195 202 0 455 -1
98 201 -1 69 11 455 0 327
401 308 448 -1 107 -1 327 0
