4
2721
416
2295
1484
8
940
327
779
56
728
99
705
559
0 73 57 26
73 0 78 -1
57 78 0 12
26 -1 12 0
0 384 324 306 61 495 190 189
384 0 296 114 404 -1 134 123
324 296 0 461 353 -1 316 207
306 114 461 0 -1 -1 479 77
61 404 353 -1 0 26 97 58
495 -1 -1 -1 26 0 192 435
190 134 316 479 97 192 0 103
189 123 207 77 58 435 103 0
