4
2476
1887
2986
2678
8
576
989
266
123
822
313
344
612
0 90 23 46
90 0 -1 23
23 -1 0 80
46 23 80 0
0 -1 171 18 307 489 96 337
-1 0 270 391 399 -1 204 -1
171 270 0 210 474 389 297 227
18 391 210 0 -1 200 286 -1
307 399 474 -1 0 -1 271 -1
489 -1 389 200 -1 0 -1 178
96 204 297 286 271 -1 0 -1
337 -1 227 -1 -1 178 -1 0
