4
2457
576
1332
1698
8
400
866
754
551
352
998
80
326
0 12 87 24
12 0 1 97
87 1 0 35
24 97 35 0
0 -1 -1 294 -1 -1 272 106
-1 0 111 -1 486 -1 408 95
-1 111 0 -1 187 423 394 455
294 -1 -1 0 10 169 329 78
-1 486 187 10 0 284 199 460
-1 -1 423 169 284 0 223 -1
272 408 394 329 199 223 0 220
106 95 455 78 460 -1 220 0
