4
1535
1817
2699
2507
8
435
558
243
63
89
20
367
200
0 79 68 4
79 0 72 3
68 72 0 -1
4 3 -1 0
0 149 338 158 92 451 115 137
149 0 -1 236 111 378 126 -1
338 -1 0 27 188 290 381 60
158 236 27 0 169 417 -1 476
92 111 188 169 0 360 234 134
451 378 290 417 360 0 391 330
115 126 381 -1 234 391 0 34
137 -1 60 476 134 330 34 0
