4
1794
2869
1386
1170
8
69
77
326
838
280
70
347
25
0 -1 90 -1
-1 0 98 44
90 98 0 63
-1 44 63 0
0 35 149 63 219 187 -1 -1
35 0 276 291 400 460 137 48
149 276 0 -1 -1 403 21 494
63 291 -1 0 -1 173 59 367
219 400 -1 -1 0 332 109 377
187 460 403 173 332 0 455 277
-1 137 21 59 109 455 0 469
-1 48 494 367 377 277 469 0
