4
2999
1738
727
2346
8
207
30
722
857
347
859
541
160
0 -1 34 81
-1 0 85 38
34 85 0 26
81 38 26 0
0 -1 69 216 282 105 13 35
-1 0 413 -1 296 111 -1 -1
69 413 0 441 289 15 -1 355
216 -1 441 0 495 -1 142 -1
282 296 289 495 0 -1 -1 251
105 111 15 -1 -1 0 17 -1
13 -1 -1 142 -1 17 0 238
35 -1 355 -1 251 -1 238 0
