4
2767
2729
2240
2322
8
978
481
586
328
16
430
91
655
0 5 79 88
5 0 77 9
79 77 0 26
88 9 26 0
0 253 208 -1 54 135 408 -1
253 0 461 257 225 260 31 178
208 461 0 279 382 416 465 296
-1 257 279 0 241 39 26 -1
54 225 382 241 0 -1 -1 75
135 260 416 39 -1 0 304 63
408 31 465 26 -1 304 0 -1
-1 178 296 -1 75 63 -1 0
