4
1498
1693
2866
1385
8
204
943
814
723
442
554
743
629
0 34 88 -1
34 0 32 14
88 32 0 75
-1 14 75 0
0 -1 349 -1 13 327 -1 418
-1 0 187 -1 -1 451 493 245
349 187 0 443 478 474 171 -1
-1 -1 443 0 126 269 471 417
13 -1 478 126 0 -1 -1 2
327 451 474 269 -1 0 301 87
-1 493 171 471 -1 301 0 -1
418 245 -1 417 2 87 -1 0
