4
31
552
1844
2892
8
107
556
248
818
458
736
385
308
0 -1 76 78
-1 0 31 42
76 31 0 96
78 42 96 0
0 200 488 51 -1 400 369 244
200 0 170 -1 -1 305 92 -1
488 170 0 414 313 107 334 184
51 -1 414 0 60 74 350 198
-1 -1 313 60 0 48 426 11
400 305 107 74 48 0 151 -1
369 92 334 350 426 151 0 71
244 -1 184 198 11 -1 71 0
