4
1480
1484
1592
2600
8
590
140
864
997
687
320
347
77
0 11 21 28
11 0 75 79
21 75 0 -1
28 79 -1 0
0 216 63 343 320 -1 -1 98
216 0 -1 22 360 289 65 281
63 -1 0 138 290 99 104 -1
343 22 138 0 -1 497 172 240
320 360 290 -1 0 58 -1 476
-1 289 99 497 58 0 483 238
-1 65 104 172 -1 483 0 417
98 281 -1 240 476 238 417 0
