4
759
2812
997
2811
8
336
207
528
112
868
841
457
461
0 99 52 5
99 0 33 83
52 33 0 84
5 83 84 0
0 351 447 -1 329 103 216 444
351 0 19 451 121 280 473 1
447 19 0 184 11 159 383 21
-1 451 184 0 435 151 438 225
329 121 11 435 0 178 229 8
103 280 159 151 178 0 276 140
216 473 383 438 229 276 0 441
444 1 21 225 8 140 441 0
