4
1753
596
2954
818
8
509
340
495
9
611
111
992
623
0 66 81 81
66 0 1 5
81 1 0 32
81 5 32 0
0 356 -1 245 180 137 82 430
356 0 -1 56 407 266 3 336
-1 -1 0 334 390 359 385 -1
245 56 334 0 401 483 109 173
180 407 390 401 0 33 410 475
137 266 359 483 33 0 -1 -1
82 3 385 109 410 -1 0 348
430 336 -1 173 475 -1 348 0
