4
2736
301
2936
202
8
539
10
275
513
353
115
209
32
0 63 6 -1
63 0 -1 3
6 -1 0 96
-1 3 96 0
0 383 473 -1 -1 133 251 60
383 0 240 54 -1 483 311 -1
473 240 0 383 488 95 307 288
-1 54 383 0 115 96 366 286
-1 -1 488 115 0 313 32 436
133 483 95 96 313 0 470 378
251 311 307 366 32 470 0 71
60 -1 288 286 436 378 71 0
