4
1658
2856
2600
140
8
982
803
918
781
850
47
845
309
0 35 39 61
35 0 54 76
39 54 0 46
61 76 46 0
0 402 338 195 361 66 451 284
402 0 -1 426 447 44 40 384
338 -1 0 464 -1 -1 21 288
195 426 464 0 140 115 460 300
361 447 -1 140 0 5 466 341
66 44 -1 115 5 0 378 251
451 40 21 460 466 378 0 413
284 384 288 300 341 251 413 0
