4
2614
870
1264
112
8
45
124
448
290
234
471
492
848
0 -1 91 -1
-1 0 27 96
91 27 0 -1
-1 96 -1 0
0 241 198 -1 -1 76 -1 414
241 0 245 455 45 -1 196 -1
198 245 0 314 408 -1 121 323
-1 455 314 0 80 30 45 197
-1 45 408 80 0 -1 209 358
76 -1 -1 30 -1 0 -1 -1
-1 196 121 45 209 -1 0 -1
414 -1 323 197 358 -1 -1 0
