4
1541
2741
2111
2007
8
21
731
114
212
456
90
431
468
0 90 1 67
90 0 67 13
1 67 0 57
67 13 57 0
0 246 450 194 125 245 141 291
246 0 488 315 -1 245 13 402
450 488 0 333 -1 400 -1 359
194 315 333 0 -1 6 163 300
125 -1 -1 -1 0 -1 -1 223
245 245 400 6 -1 0 -1 -1
141 13 -1 163 -1 -1 0 215
291 402 359 300 223 -1 215 0
