4
2984
2291
990
1329
8
414
424
293
287
898
784
227
989
0 54 45 54
54 0 25 17
45 25 0 65
54 17 65 0
0 375 100 138 86 33 457 252
375 0 407 -1 484 480 197 -1
100 407 0 176 47 29 430 -1
138 -1 176 0 -1 50 412 242
86 484 47 -1 0 218 22 135
33 480 29 50 218 0 299 162
457 197 430 412 22 299 0 412
252 -1 -1 242 135 162 412 0
