4
2393
1820
952
1552
8
288
547
117
102
330
645
195
998
0 -1 85 65
-1 0 28 82
85 28 0 56
65 82 56 0
0 17 -1 -1 -1 195 234 242
17 0 413 -1 270 64 3 498
-1 413 0 171 154 -1 473 -1
-1 -1 171 0 319 81 62 -1
-1 270 154 319 0 72 128 359
195 64 -1 81 72 0 124 465
234 3 473 62 128 124 0 -1
242 498 -1 -1 359 465 -1 0
