4
875
2739
2935
1655
8
792
77
510
250
832
840
773
355
0 48 84 64
48 0 38 7
84 38 0 -1
64 7 -1 0
0 388 117 343 143 101 317 205
388 0 369 476 221 471 37 103
117 369 0 425 79 197 105 92
343 476 425 0 196 -1 146 38
143 221 79 196 0 215 454 371
101 471 197 -1 215 0 70 62
317 37 105 146 454 70 0 276
205 103 92 38 371 62 276 0
