4
2838
2837
167
1366
8
946
441
217
267
194
40
75
185
0 28 44 40
28 0 20 31
44 20 0 9
40 31 9 0
0 278 449 160 6 -1 449 -1
278 0 227 53 258 43 315 -1
449 227 0 313 461 67 416 271
160 53 313 0 287 93 142 280
6 258 461 287 0 455 403 256
-1 43 67 93 455 0 359 -1
449 315 416 142 403 359 0 415
-1 -1 271 280 256 -1 415 0
