4
1136
1005
811
989
8
218
201
318
588
925
49
521
808
0 100 95 87
100 0 1 9
95 1 0 30
87 9 30 0
0 334 153 356 261 233 3 -1
334 0 133 360 11 474 274 488
153 133 0 118 208 -1 424 494
356 360 118 0 -1 -1 146 -1
261 11 208 -1 0 472 -1 -1
233 474 -1 -1 472 0 349 -1
3 274 424 146 -1 349 0 373
-1 488 494 -1 -1 -1 373 0
