4
1935
1809
250
2715
8
142
657
304
595
810
318
403
415
0 97 70 61
97 0 23 84
70 23 0 71
61 84 71 0
0 303 264 -1 496 210 470 30
303 0 23 427 236 174 104 251
264 23 0 328 82 189 301 252
-1 427 328 0 -1 293 -1 318
496 236 82 -1 0 31 380 406
210 174 189 293 31 0 378 460
470 104 301 -1 380 378 0 359
30 251 252 318 406 460 359 0
