4
2315
612
2191
1722
8
43
665
254
787
246
998
767
206
0 20 15 24
20 0 39 67
15 39 0 79
24 67 79 0
0 106 149 129 89 110 15 16
106 0 366 161 -1 -1 399 319
149 366 0 21 357 340 296 292
129 161 21 0 280 394 18 71
89 -1 357 280 0 -1 256 38
110 -1 340 394 -1 0 254 328
15 399 296 18 256 254 0 215
16 319 292 71 38 328 215 0
