4
2271
1843
2304
2895
8
315
942
791
791
70
306
627
770
0 -1 38 100
-1 0 23 72
38 23 0 37
100 72 37 0
0 31 406 90 230 55 367 191
31 0 371 173 34 322 225 -1
406 371 0 271 196 -1 95 327
90 173 271 0 474 138 324 133
230 34 196 474 0 -1 59 183
55 322 -1 138 -1 0 75 358
367 225 95 324 59 75 0 241
191 -1 327 133 183 358 241 0
