4
732
2833
2510
2918
8
639
785
348
879
392
532
372
507
0 17 70 22
17 0 44 92
70 44 0 83
22 92 83 0
0 74 219 125 66 -1 277 -1
74 0 419 247 365 477 221 367
219 419 0 288 258 231 80 -1
125 247 288 0 -1 176 312 243
66 365 258 -1 0 166 45 -1
-1 477 231 176 166 0 226 165
277 221 80 312 45 226 0 -1
-1 367 -1 243 -1 165 -1 0
