4
2158
2576
1080
1760
8
748
427
727
309
867
505
978
382
0 67 19 -1
67 0 -1 31
19 -1 0 -1
-1 31 -1 0
0 39 338 331 181 132 83 355
39 0 439 -1 -1 50 -1 209
338 439 0 215 -1 347 403 25
331 -1 215 0 500 -1 79 275
181 -1 -1 500 0 43 -1 -1
132 50 347 -1 43 0 323 404
83 -1 403 79 -1 323 0 -1
355 209 25 275 -1 404 -1 0
