4
289
1919
1974
2910
8
192
291
96
434
863
471
293
813
0 99 12 54
99 0 5 68
12 5 0 13
54 68 13 0
0 -1 358 447 -1 496 -1 -1
-1 0 92 200 155 432 -1 -1
358 92 0 334 -1 -1 328 90
447 200 334 0 447 31 13 62
-1 155 -1 447 0 -1 -1 65
496 432 -1 31 -1 0 285 37
-1 -1 328 13 -1 285 0 441
-1 -1 90 62 65 37 441 0
