4
513
2241
2949
1001
8
195
734
327
540
98
835
60
340
0 48 -1 81
48 0 97 100
-1 97 0 -1
81 100 -1 0
0 363 453 -1 31 111 282 100
363 0 346 -1 272 90 354 197
453 346 0 104 471 171 295 88
-1 -1 104 0 -1 -1 210 -1
31 272 471 -1 0 -1 14 227
111 90 171 -1 -1 0 485 231
282 354 295 210 14 485 0 74
100 197 88 -1 227 231 74 0
