4
1868
2036
2119
1883
8
443
819
348
646
339
673
886
416
0 58 41 49
58 0 54 75
41 54 0 50
49 75 50 0
0 330 146 235 429 454 76 67
330 0 121 405 103 467 465 32
146 121 0 142 141 305 172 431
235 405 142 0 4 16 402 74
429 103 141 4 0 25 80 473
454 467 305 16 25 0 474 85
76 465 172 402 80 474 0 460
67 32 431 74 473 85 460 0
