4
764
2122
2691
1748
8
26
802
842
890
961
586
174
627
0 32 32 98
32 0 28 12
32 28 0 74
98 12 74 0
0 245 -1 -1 220 -1 316 166
245 0 305 46 66 57 381 467
-1 305 0 -1 -1 282 443 222
-1 46 -1 0 124 452 -1 340
220 66 -1 124 0 327 -1 391
-1 57 282 452 327 0 -1 -1
316 381 443 -1 -1 -1 0 280
166 467 222 340 391 -1 280 0
