4
1621
2775
1059
1687
8
814
705
276
713
838
892
8
17
0 24 -1 32
24 0 -1 96
-1 -1 0 -1
32 96 -1 0
0 425 105 478 36 441 189 6
425 0 163 355 103 174 245 144
105 163 0 405 122 243 228 463
478 355 405 0 351 271 261 264
36 103 122 351 0 -1 367 496
441 174 243 271 -1 0 130 118
189 245 228 261 367 130 0 128
6 144 463 264 496 118 128 0
