4
2219
2584
1454
2841
8
406
183
226
952
586
784
644
820
0 22 12 82
22 0 98 70
12 98 0 95
82 70 95 0
0 366 3 366 325 484 291 198
366 0 100 413 -1 -1 -1 387
3 100 0 499 -1 69 -1 -1
366 413 499 0 54 -1 -1 240
325 -1 -1 54 0 348 483 11
484 -1 69 -1 348 0 -1 -1
291 -1 -1 -1 483 -1 0 -1
198 387 -1 240 11 -1 -1 0
