4
2339
2097
1263
2321
8
737
503
760
421
47
999
926
796
0 88 66 34
88 0 85 62
66 85 0 79
34 62 79 0
0 218 444 181 358 42 266 341
218 0 146 385 -1 -1 386 440
444 146 0 12 431 440 243 416
181 385 12 0 -1 394 97 -1
358 -1 431 -1 0 237 358 184
42 -1 440 394 237 0 -1 75
266 386 243 97 358 -1 0 202
341 440 416 -1 184 75 202 0
