4
1495
831
1515
742
8
526
428
573
219
96
567
176
920
0 10 78 50
10 0 95 57
78 95 0 45
50 57 45 0
0 -1 464 312 378 354 487 -1
-1 0 286 404 39 199 -1 434
464 286 0 -1 181 430 470 132
312 404 -1 0 233 419 294 -1
378 39 181 233 0 161 375 437
354 199 430 419 161 0 -1 -1
487 -1 470 294 375 -1 0 85
-1 434 132 -1 437 -1 85 0
