4
2197
2720
353
1989
8
418
529
430
683
383
871
973
170
0 -1 56 40
-1 0 48 44
56 48 0 36
40 44 36 0
0 447 166 370 74 281 185 362
447 0 339 500 369 68 441 91
166 339 0 448 423 406 174 92
370 500 448 0 277 114 497 16
74 369 423 277 0 -1 342 -1
281 68 406 114 -1 0 462 171
185 441 174 497 342 462 0 258
362 91 92 16 -1 171 258 0
