4
2979
68
1090
2119
8
817
107
456
657
624
885
439
322
0 25 46 64
25 0 5 79
46 5 0 57
64 79 57 0
0 238 477 436 181 381 324 460
238 0 484 29 221 335 241 127
477 484 0 392 325 357 286 446
436 29 392 0 -1 -1 339 41
181 221 325 -1 0 224 491 217
381 335 357 -1 224 0 -1 -1
324 241 286 339 491 -1 0 -1
460 127 446 41 217 -1 -1 0
