4
301
2208
2734
1243
8
307
542
906
658
276
503
61
698
0 -1 51 28
-1 0 40 -1
51 40 0 -1
28 -1 -1 0
0 61 386 106 422 359 223 -1
61 0 -1 -1 63 50 -1 -1
386 -1 0 189 -1 32 -1 500
106 -1 189 0 169 307 109 -1
422 63 -1 169 0 159 464 -1
359 50 32 307 159 0 493 346
223 -1 -1 109 464 493 0 476
-1 -1 500 -1 -1 346 476 0
