4
911
2677
1780
242
8
392
913
542
313
345
771
168
253
0 21 78 30
21 0 47 91
78 47 0 63
30 91 63 0
0 244 359 38 -1 130 234 -1
244 0 420 11 431 478 105 496
359 420 0 -1 484 365 -1 359
38 11 -1 0 439 -1 -1 -1
-1 431 484 439 0 187 -1 386
130 478 365 -1 187 0 -1 285
234 105 -1 -1 -1 -1 0 -1
-1 496 359 -1 386 285 -1 0
