4
1066
1403
2764
2344
8
38
200
222
550
943
762
169
392
0 22 63 -1
22 0 -1 74
63 -1 0 21
-1 74 21 0
0 275 -1 -1 440 357 352 -1
275 0 313 -1 493 202 231 428
-1 313 0 42 50 383 68 -1
-1 -1 42 0 10 335 -1 178
440 493 50 10 0 61 305 82
357 202 383 335 61 0 329 149
352 231 68 -1 305 329 0 473
-1 428 -1 178 82 149 473 0
