4
1354
2709
1447
2962
8
5
498
726
343
766
968
626
116
0 8 42 79
8 0 57 76
42 57 0 37
79 76 37 0
0 163 95 393 62 145 117 312
163 0 483 158 -1 456 484 343
95 483 0 -1 145 292 381 232
393 158 -1 0 12 26 327 400
62 -1 145 12 0 241 297 131
145 456 292 26 241 0 282 385
117 484 381 327 297 282 0 39
312 343 232 400 131 385 39 0
