4
266
2855
664
2102
8
396
959
167
247
75
217
697
329
0 13 11 -1
13 0 74 84
11 74 0 65
-1 84 65 0
0 325 491 429 -1 364 154 188
325 0 410 393 -1 475 -1 139
491 410 0 9 -1 364 89 351
429 393 9 0 -1 406 114 267
-1 -1 -1 -1 0 -1 -1 375
364 475 364 406 -1 0 151 303
154 -1 89 114 -1 151 0 478
188 139 351 267 375 303 478 0
