4
1698
1360
972
2299
8
740
970
149
787
850
621
210
222
0 80 68 23
80 0 36 23
68 36 0 81
23 23 81 0
0 -1 327 261 156 55 402 -1
-1 0 308 9 243 439 302 185
327 308 0 142 429 377 248 377
261 9 142 0 456 -1 -1 496
156 243 429 456 0 303 158 374
55 439 377 -1 303 0 470 270
402 302 248 -1 158 470 0 -1
-1 185 377 496 374 270 -1 0
