4
2030
1179
2150
1033
8
494
326
225
890
199
501
247
265
0 88 56 20
88 0 -1 23
56 -1 0 73
20 23 73 0
0 484 26 421 130 476 -1 -1
484 0 398 -1 395 -1 -1 -1
26 398 0 258 322 147 151 304
421 -1 258 0 400 249 -1 -1
130 395 322 400 0 431 -1 -1
476 -1 147 249 431 0 313 272
-1 -1 151 -1 -1 313 0 -1
-1 -1 304 -1 -1 272 -1 0
