4
724
2058
30
746
8
563
647
930
158
29
116
457
151
0 -1 94 11
-1 0 21 3
94 21 0 58
11 3 58 0
0 -1 -1 354 470 371 32 373
-1 0 137 23 464 469 264 304
-1 137 0 144 250 84 81 345
354 23 144 0 231 320 303 335
470 464 250 231 0 206 301 364
371 469 84 320 206 0 69 253
32 264 81 303 301 69 0 362
373 304 345 335 364 253 362 0
