4
2724
2520
979
2101
8
13
662
898
534
310
774
632
734
0 78 40 2
78 0 21 20
40 21 0 61
2 20 61 0
0 103 -1 106 235 475 454 253
103 0 480 -1 27 428 -1 24
-1 480 0 459 219 481 -1 271
106 -1 459 0 450 37 73 205
235 27 219 450 0 363 -1 190
475 428 481 37 363 0 490 226
454 -1 -1 73 -1 490 0 99
253 24 271 205 190 226 99 0
