4
1676
845
46
2940
8
579
524
703
159
732
379
314
103
0 31 -1 44
31 0 -1 -1
-1 -1 0 67
44 -1 67 0
0 453 104 467 -1 386 439 -1
453 0 98 428 196 354 355 465
104 98 0 359 -1 74 332 171
467 428 359 0 429 402 424 49
-1 196 -1 429 0 329 -1 450
386 354 74 402 329 0 185 359
439 355 332 424 -1 185 0 203
-1 465 171 49 450 359 203 0
