4
1604
2710
2203
726
8
463
982
949
643
116
240
788
727
0 31 100 58
31 0 17 47
100 17 0 8
58 47 8 0
0 425 463 297 195 410 51 -1
425 0 -1 451 -1 166 -1 -1
463 -1 0 -1 111 481 237 457
297 451 -1 0 330 295 -1 -1
195 -1 111 330 0 496 313 445
410 166 481 295 496 0 22 91
51 -1 237 -1 313 22 0 97
-1 -1 457 -1 445 91 97 0
