4
2181
91
2734
450
8
625
536
407
207
433
419
341
819
0 12 50 -1
12 0 -1 49
50 -1 0 92
-1 49 92 0
0 43 23 365 490 284 365 31
43 0 205 326 -1 -1 -1 312
23 205 0 456 318 296 80 333
365 326 456 0 327 196 -1 347
490 -1 318 327 0 351 -1 28
284 -1 296 196 351 0 232 412
365 -1 80 -1 -1 232 0 252
31 312 333 347 28 412 252 0
