4
152
955
2783
1485
8
662
245
94
710
71
184
182
806
0 72 40 96
72 0 54 37
40 54 0 73
96 37 73 0
0 60 42 354 -1 -1 189 232
60 0 232 15 474 428 -1 -1
42 232 0 94 264 291 157 111
354 15 94 0 245 383 168 259
-1 474 264 245 0 139 92 -1
-1 428 291 383 139 0 -1 -1
189 -1 157 168 92 -1 0 317
232 -1 111 259 -1 -1 317 0
