4
759
24
2249
1515
8
246
510
440
344
738
350
24
976
0 96 77 3
96 0 4 77
77 4 0 77
3 77 77 0
0 148 453 372 322 64 481 148
148 0 -1 -1 86 -1 197 49
453 -1 0 348 100 -1 -1 334
372 -1 348 0 -1 87 260 232
322 86 100 -1 0 88 348 -1
64 -1 -1 87 88 0 105 -1
481 197 -1 260 348 105 0 -1
148 49 334 232 -1 -1 -1 0
