4
2435
761
47
903
8
813
92
699
64
113
111
447
688
0 8 48 69
8 0 -1 32
48 -1 0 42
69 32 42 0
0 288 299 -1 279 266 62 256
288 0 484 -1 -1 363 -1 -1
299 484 0 248 170 -1 81 172
-1 -1 248 0 241 -1 -1 471
279 -1 170 241 0 -1 130 -1
266 363 -1 -1 -1 0 271 476
62 -1 81 -1 130 271 0 348
256 -1 172 471 -1 476 348 0
