4
591
1881
1297
13
8
169
623
435
286
165
639
100
822
0 99 85 56
99 0 58 13
85 58 0 95
56 13 95 0
0 265 -1 325 129 29 378 20
265 0 -1 226 325 67 399 315
-1 -1 0 -1 49 448 400 460
325 226 -1 0 50 230 116 46
129 325 49 50 0 123 117 183
29 67 448 230 123 0 410 181
378 399 400 116 117 410 0 134
20 315 460 46 183 181 134 0
