4
178
528
2022
2662
8
434
320
479
390
168
36
488
482
0 50 78 49
50 0 1 49
78 1 0 85
49 49 85 0
0 217 250 -1 279 427 175 -1
217 0 424 318 83 -1 203 -1
250 424 0 432 3 -1 151 316
-1 318 432 0 55 -1 -1 386
279 83 3 55 0 374 197 197
427 -1 -1 -1 374 0 -1 -1
175 203 151 -1 197 -1 0 298
-1 -1 316 386 197 -1 298 0
