4
2848
2220
2903
322
8
1
832
274
218
997
122
482
559
0 68 92 46
68 0 52 20
92 52 0 63
46 20 63 0
0 374 466 455 -1 164 375 459
374 0 157 36 -1 76 74 68
466 157 0 457 155 455 63 223
455 36 457 0 -1 241 401 -1
-1 -1 155 -1 0 -1 313 94
164 76 455 241 -1 0 445 411
375 74 63 401 313 445 0 396
459 68 223 -1 94 411 396 0
