4
1174
2853
838
2522
8
875
33
231
720
640
613
181
664
0 69 86 66
69 0 69 5
86 69 0 25
66 5 25 0
0 -1 -1 375 -1 -1 -1 -1
-1 0 153 -1 376 -1 121 -1
-1 153 0 263 385 328 148 244
375 -1 263 0 -1 407 28 186
-1 376 385 -1 0 356 -1 -1
-1 -1 328 407 356 0 -1 163
-1 121 148 28 -1 -1 0 356
-1 -1 244 186 -1 163 356 0
