4
2460
1522
288
2785
8
619
971
998
97
192
231
479
997
0 75 76 23
75 0 75 72
76 75 0 -1
23 72 -1 0
0 -1 -1 -1 -1 -1 -1 252
-1 0 222 161 223 346 -1 217
-1 222 0 153 315 348 464 -1
-1 161 153 0 1 201 -1 249
-1 223 315 1 0 -1 -1 294
-1 346 348 201 -1 0 -1 -1
-1 -1 464 -1 -1 -1 0 -1
252 217 -1 249 294 -1 -1 0
