4
312
697
2734
2668
8
123
192
1000
641
199
803
917
768
0 55 97 -1
55 0 67 23
97 67 0 80
-1 23 80 0
0 378 170 74 -1 449 286 355
378 0 -1 160 148 394 227 -1
170 -1 0 271 222 413 202 192
74 160 271 0 -1 -1 53 265
-1 148 222 -1 0 62 383 220
449 394 413 -1 62 0 288 197
286 227 202 53 383 288 0 380
355 -1 192 265 220 197 380 0
