4
2584
2811
1023
2696
8
895
515
670
369
676
378
538
947
0 81 59 75
81 0 -1 26
59 -1 0 98
75 26 98 0
0 -1 484 270 180 73 205 229
-1 0 6 447 176 244 7 27
484 6 0 64 193 295 411 76
270 447 64 0 291 142 486 216
180 176 193 291 0 462 466 69
73 244 295 142 462 0 373 311
205 7 411 486 466 373 0 397
229 27 76 216 69 311 397 0
