4
2442
349
2786
2531
8
720
811
834
446
298
646
817
784
0 43 34 25
43 0 97 12
34 97 0 -1
25 12 -1 0
0 398 364 212 447 237 32 188
398 0 -1 -1 -1 310 202 335
364 -1 0 110 419 244 122 258
212 -1 110 0 349 177 43 219
447 -1 419 349 0 -1 469 -1
237 310 244 177 -1 0 288 -1
32 202 122 43 469 288 0 369
188 335 258 219 -1 -1 369 0
