4
2503
2469
692
854
8
333
959
698
197
95
94
306
903
0 -1 20 65
-1 0 16 78
20 16 0 9
65 78 9 0
0 212 -1 188 -1 343 215 -1
212 0 189 -1 -1 -1 282 -1
-1 189 0 112 291 441 481 141
188 -1 112 0 405 253 174 116
-1 -1 291 405 0 381 418 410
343 -1 441 253 381 0 121 -1
215 282 481 174 418 121 0 227
-1 -1 141 116 410 -1 227 0
