4
2255
2698
2023
73
8
128
515
957
523
741
454
340
555
0 17 39 47
17 0 58 83
39 58 0 91
47 83 91 0
0 415 -1 457 153 92 -1 220
415 0 313 405 320 10 223 341
-1 313 0 95 -1 -1 266 -1
457 405 95 0 248 295 119 237
153 320 -1 248 0 314 275 -1
92 10 -1 295 314 0 -1 25
-1 223 266 119 275 -1 0 -1
220 341 -1 237 -1 25 -1 0
