4
2556
3000
452
520
8
821
716
329
882
264
631
853
150
0 -1 30 87
-1 0 94 35
30 94 0 78
87 35 78 0
0 445 -1 -1 273 55 -1 425
445 0 435 394 390 384 42 153
-1 435 0 -1 15 -1 353 141
-1 394 -1 0 61 209 -1 133
273 390 15 61 0 -1 84 290
55 384 -1 209 -1 0 -1 -1
-1 42 353 -1 84 -1 0 281
425 153 141 133 290 -1 281 0
