4
1766
62
2960
2598
8
741
597
488
396
331
814
920
521
0 10 -1 -1
10 0 98 51
-1 98 0 43
-1 51 43 0
0 486 138 -1 36 42 307 170
486 0 102 225 49 101 227 137
138 102 0 -1 261 493 227 -1
-1 225 -1 0 33 303 125 167
36 49 261 33 0 370 468 256
42 101 493 303 370 0 160 -1
307 227 227 125 468 160 0 444
170 137 -1 167 256 -1 444 0
