4
2805
1092
1311
1156
8
475
933
909
260
786
107
981
149
0 48 98 56
48 0 -1 7
98 -1 0 52
56 7 52 0
0 345 27 403 80 43 262 6
345 0 296 322 -1 -1 108 -1
27 296 0 58 319 346 -1 -1
403 322 58 0 258 -1 -1 -1
80 -1 319 258 0 480 255 64
43 -1 346 -1 480 0 -1 -1
262 108 -1 -1 255 -1 0 102
6 -1 -1 -1 64 -1 102 0
