4
1506
651
1277
1454
8
165
483
600
567
420
857
277
26
0 85 8 82
85 0 59 86
8 59 0 13
82 86 13 0
0 -1 329 -1 203 31 96 327
-1 0 358 470 -1 440 155 124
329 358 0 351 -1 182 467 259
-1 470 351 0 438 344 297 252
203 -1 -1 438 0 484 378 168
31 440 182 344 484 0 260 397
96 155 467 297 378 260 0 155
327 124 259 252 168 397 155 0
