4
96
1942
1341
2211
8
57
213
374
676
537
466
432
873
0 87 54 6
87 0 48 4
54 48 0 4
6 4 4 0
0 214 386 435 500 360 -1 144
214 0 485 213 133 278 101 50
386 485 0 131 -1 427 453 373
435 213 131 0 318 106 250 22
500 133 -1 318 0 238 210 -1
360 278 427 106 238 0 287 93
-1 101 453 250 210 287 0 124
144 50 373 22 -1 93 124 0
