4
2291
2598
2254
2808
8
923
624
564
59
822
271
846
5
0 26 -1 31
26 0 25 63
-1 25 0 70
31 63 70 0
0 102 194 108 304 411 385 459
102 0 287 389 157 402 155 174
194 287 0 404 -1 436 61 457
108 389 404 0 496 30 369 461
304 157 -1 496 0 192 -1 289
411 402 436 30 192 0 174 403
385 155 61 369 -1 174 0 21
459 174 457 461 289 403 21 0
