4
203
2550
2634
2775
8
79
394
352
274
460
344
549
916
0 61 79 67
61 0 58 13
79 58 0 24
67 13 24 0
0 458 379 261 390 402 401 209
458 0 253 76 61 106 420 96
379 253 0 -1 -1 -1 73 252
261 76 -1 0 -1 321 -1 423
390 61 -1 -1 0 -1 479 -1
402 106 -1 321 -1 0 -1 145
401 420 73 -1 479 -1 0 477
209 96 252 423 -1 145 477 0
