4
2230
2465
2528
1545
8
194
638
191
496
82
719
796
661
0 -1 86 70
-1 0 24 58
86 24 0 34
70 58 34 0
0 353 77 402 466 406 -1 464
353 0 98 -1 -1 39 410 28
77 98 0 289 476 16 -1 88
402 -1 289 0 469 -1 104 -1
466 -1 476 469 0 99 -1 338
406 39 16 -1 99 0 -1 -1
-1 410 -1 104 -1 -1 0 365
464 28 88 -1 338 -1 365 0
