4
2929
2171
859
2702
8
236
143
651
737
835
107
999
412
0 99 44 21
99 0 5 82
44 5 0 12
21 82 12 0
0 -1 435 204 285 414 113 -1
-1 0 314 392 368 -1 236 180
435 314 0 271 197 -1 70 407
204 392 271 0 98 269 363 380
285 368 197 98 0 344 -1 346
414 -1 -1 269 344 0 136 66
113 236 70 363 -1 136 0 301
-1 180 407 380 346 66 301 0
