4
1779
2456
690
1675
8
413
664
265
831
242
35
481
921
0 49 47 95
49 0 47 76
47 47 0 70
95 76 70 0
0 393 465 435 188 380 471 186
393 0 -1 344 100 324 -1 -1
465 -1 0 127 182 186 274 370
435 344 127 0 108 23 72 83
188 100 182 108 0 1 188 450
380 324 186 23 1 0 21 226
471 -1 274 72 188 21 0 30
186 -1 370 83 450 226 30 0
