4
524
1622
2087
2760
8
507
580
546
661
975
629
77
992
0 65 42 72
65 0 66 47
42 66 0 30
72 47 30 0
0 191 327 207 316 145 314 157
191 0 308 310 384 125 325 357
327 308 0 288 352 -1 89 129
207 310 288 0 9 357 24 433
316 384 352 9 0 311 165 344
145 125 -1 357 311 0 168 360
314 325 89 24 165 168 0 270
157 357 129 433 344 360 270 0
