4
48
2761
2778
606
8
831
550
813
145
984
682
879
155
0 93 -1 70
93 0 39 95
-1 39 0 -1
70 95 -1 0
0 202 454 102 -1 69 488 7
202 0 39 215 -1 300 310 -1
454 39 0 65 136 438 74 22
102 215 65 0 456 417 47 166
-1 -1 136 456 0 90 303 231
69 300 438 417 90 0 249 -1
488 310 74 47 303 249 0 83
7 -1 22 166 231 -1 83 0
