4
2624
181
1700
839
8
999
60
473
936
629
345
203
631
0 76 51 -1
76 0 64 61
51 64 0 26
-1 61 26 0
0 -1 -1 327 324 372 -1 -1
-1 0 -1 -1 304 148 198 78
-1 -1 0 248 38 429 289 218
327 -1 248 0 -1 -1 392 255
324 304 38 -1 0 276 283 13
372 148 429 -1 276 0 118 -1
-1 198 289 392 283 118 0 -1
-1 78 218 255 13 -1 -1 0
