4
2140
2178
2223
1116
8
134
157
33
670
284
201
176
662
0 50 83 73
50 0 69 23
83 69 0 41
73 23 41 0
0 196 457 140 169 298 169 236
196 0 362 142 -1 100 -1 341
457 362 0 468 286 314 117 266
140 142 468 0 358 -1 -1 488
169 -1 286 358 0 -1 34 386
298 100 314 -1 -1 0 68 17
169 -1 117 -1 34 68 0 477
236 341 266 488 386 17 477 0
