4
2431
1714
823
1283
8
841
750
442
377
288
146
301
155
0 54 61 73
54 0 71 44
61 71 0 59
73 44 59 0
0 61 13 100 491 305 156 458
61 0 49 196 443 397 272 327
13 49 0 444 -1 247 406 -1
100 196 444 0 -1 126 271 -1
491 443 -1 -1 0 -1 35 386
305 397 247 126 -1 0 -1 -1
156 272 406 271 35 -1 0 -1
458 327 -1 -1 386 -1 -1 0
