4
2124
2167
2298
1615
8
450
594
951
89
938
597
682
501
0 41 -1 18
41 0 3 82
-1 3 0 73
18 82 73 0
0 175 288 398 -1 145 394 265
175 0 484 -1 127 460 253 -1
288 484 0 333 312 291 80 24
398 -1 333 0 459 1 414 304
-1 127 312 459 0 156 399 133
145 460 291 1 156 0 28 469
394 253 80 414 399 28 0 476
265 -1 24 304 133 469 476 0
