4
2551
2954
29
2856
8
750
820
63
845
480
107
775
148
0 78 55 -1
78 0 77 87
55 77 0 78
-1 87 78 0
0 273 373 -1 25 308 92 -1
273 0 248 -1 122 -1 -1 381
373 248 0 359 -1 27 358 -1
-1 -1 359 0 -1 175 95 -1
25 122 -1 -1 0 193 136 464
308 -1 27 175 193 0 370 382
92 -1 358 95 136 370 0 420
-1 381 -1 -1 464 382 420 0
