4
2134
2182
2777
1321
8
455
530
572
281
945
407
63
942
0 25 -1 79
25 0 72 86
-1 72 0 4
79 86 4 0
0 329 -1 187 424 392 22 470
329 0 251 315 231 10 11 340
-1 251 0 60 178 -1 433 181
187 315 60 0 122 279 115 143
424 231 178 122 0 390 416 307
392 10 -1 279 390 0 93 261
22 11 433 115 416 93 0 219
470 340 181 143 307 261 219 0
