4
2026
2412
2154
1739
8
289
592
450
201
270
464
904
151
0 54 20 63
54 0 55 -1
20 55 0 42
63 -1 42 0
0 74 176 200 -1 93 254 459
74 0 194 -1 499 340 395 260
176 194 0 61 292 53 288 397
200 -1 61 0 53 -1 88 -1
-1 499 292 53 0 408 353 -1
93 340 53 -1 408 0 357 -1
254 395 288 88 353 357 0 403
459 260 397 -1 -1 -1 403 0
