4
1118
2630
2220
2612
8
545
357
609
33
140
772
939
713
0 22 58 66
22 0 47 32
58 47 0 60
66 32 60 0
0 -1 426 351 -1 -1 82 243
-1 0 346 274 -1 310 -1 187
426 346 0 118 71 -1 30 412
351 274 118 0 117 -1 426 449
-1 -1 71 117 0 477 295 411
-1 310 -1 -1 477 0 126 64
82 -1 30 426 295 126 0 333
243 187 412 449 411 64 333 0
