4
2865
2129
1499
2351
8
214
45
167
242
846
564
441
620
0 47 45 100
47 0 79 85
45 79 0 36
100 85 36 0
0 288 176 157 405 363 283 335
288 0 378 142 152 167 448 200
176 378 0 181 309 -1 192 442
157 142 181 0 38 394 94 41
405 152 309 38 0 311 324 121
363 167 -1 394 311 0 298 367
283 448 192 94 324 298 0 345
335 200 442 41 121 367 345 0
