4
2313
1384
1764
197
8
14
474
586
701
235
330
779
52
0 -1 9 -1
-1 0 68 -1
9 68 0 79
-1 -1 79 0
0 432 51 387 255 162 279 454
432 0 177 372 395 263 455 357
51 177 0 170 173 54 266 335
387 372 170 0 297 265 347 433
255 395 173 297 0 79 489 295
162 263 54 265 79 0 102 3
279 455 266 347 489 102 0 73
454 357 335 433 295 3 73 0
