4
1472
2389
2274
929
8
3
247
19
766
489
464
368
430
0 83 52 8
83 0 59 64
52 59 0 -1
8 64 -1 0
0 -1 -1 -1 221 206 300 88
-1 0 59 -1 -1 -1 113 192
-1 59 0 425 -1 167 -1 269
-1 -1 425 0 -1 -1 -1 -1
221 -1 -1 -1 0 363 -1 330
206 -1 167 -1 363 0 -1 468
300 113 -1 -1 -1 -1 0 239
88 192 269 -1 330 468 239 0
