4
2019
2865
2462
1084
8
311
575
574
520
33
788
813
64
0 78 -1 -1
78 0 -1 42
-1 -1 0 42
-1 42 42 0
0 150 -1 44 294 110 101 479
150 0 202 86 120 463 63 198
-1 202 0 124 56 67 -1 15
44 86 124 0 69 233 489 122
294 120 56 69 0 -1 125 -1
110 463 67 233 -1 0 352 341
101 63 -1 489 125 352 0 -1
479 198 15 122 -1 341 -1 0
