4
2240
1188
2139
787
8
526
273
922
581
520
142
846
544
0 -1 98 93
-1 0 23 49
98 23 0 100
93 49 100 0
0 251 41 144 61 379 129 291
251 0 428 396 170 242 281 140
41 428 0 46 229 127 489 146
144 396 46 0 188 347 188 209
61 170 229 188 0 -1 -1 -1
379 242 127 347 -1 0 120 448
129 281 489 188 -1 120 0 -1
291 140 146 209 -1 448 -1 0
