4
512
1857
2392
8
8
89
568
363
259
957
207
860
332
0 15 14 32
15 0 29 16
14 29 0 3
32 16 3 0
0 106 142 214 322 223 162 439
106 0 62 407 475 143 248 418
142 62 0 462 419 156 133 305
214 407 462 0 308 164 -1 278
322 475 419 308 0 334 -1 239
223 143 156 164 334 0 59 59
162 248 133 -1 -1 59 0 -1
439 418 305 278 239 59 -1 0
