4
924
292
2865
442
8
564
571
284
672
172
450
218
106
0 55 -1 65
55 0 22 19
-1 22 0 14
65 19 14 0
0 89 227 141 184 18 -1 -1
89 0 126 -1 -1 -1 326 -1
227 126 0 399 135 294 171 170
141 -1 399 0 465 -1 -1 187
184 -1 135 465 0 74 131 -1
18 -1 294 -1 74 0 68 -1
-1 326 171 -1 131 68 0 -1
-1 -1 170 187 -1 -1 -1 0
