4
2597
2656
2584
1481
8
633
362
888
470
408
642
496
941
0 21 70 14
21 0 83 43
70 83 0 40
14 43 40 0
0 475 409 177 393 -1 329 378
475 0 242 229 155 356 95 11
409 242 0 282 267 279 249 15
177 229 282 0 331 238 -1 465
393 155 267 331 0 185 113 384
-1 356 279 238 185 0 476 245
329 95 249 -1 113 476 0 349
378 11 15 465 384 245 349 0
