4
1807
589
1969
2304
8
773
227
766
452
228
676
111
72
0 41 7 84
41 0 3 -1
7 3 0 89
84 -1 89 0
0 -1 36 343 -1 440 112 420
-1 0 -1 327 -1 295 212 -1
36 -1 0 233 167 289 315 -1
343 327 233 0 256 134 277 288
-1 -1 167 256 0 345 200 344
440 295 289 134 345 0 75 480
112 212 315 277 200 75 0 32
420 -1 -1 288 344 480 32 0
