4
135
2559
2229
2471
8
30
312
720
468
524
395
792
256
0 20 44 -1
20 0 53 42
44 53 0 -1
-1 42 -1 0
0 459 148 188 330 407 399 212
459 0 -1 -1 169 -1 23 18
148 -1 0 79 25 -1 466 -1
188 -1 79 0 -1 492 -1 -1
330 169 25 -1 0 -1 349 305
407 -1 -1 492 -1 0 119 135
399 23 466 -1 349 119 0 490
212 18 -1 -1 305 135 490 0
