4
2194
1736
2379
1595
8
763
469
547
693
37
142
904
46
0 50 62 58
50 0 74 35
62 74 0 32
58 35 32 0
0 120 39 13 406 305 89 463
120 0 400 -1 -1 44 257 81
39 400 0 76 480 401 441 4
13 -1 76 0 153 -1 272 255
406 -1 480 153 0 56 158 422
305 44 401 -1 56 0 317 1
89 257 441 272 158 317 0 20
463 81 4 255 422 1 20 0
