4
427
2096
519
715
8
220
156
391
335
851
153
59
286
0 71 41 96
71 0 58 80
41 58 0 45
96 80 45 0
0 302 394 340 177 -1 259 377
302 0 412 402 -1 193 370 -1
394 412 0 191 142 290 361 14
340 402 191 0 -1 345 271 168
177 -1 142 -1 0 164 343 421
-1 193 290 345 164 0 384 482
259 370 361 271 343 384 0 442
377 -1 14 168 421 482 442 0
