4
1762
1549
1461
2691
8
283
151
462
307
182
555
435
508
0 30 -1 74
30 0 23 100
-1 23 0 -1
74 100 -1 0
0 464 307 478 157 490 445 296
464 0 -1 290 -1 407 349 451
307 -1 0 231 2 206 174 242
478 290 231 0 -1 406 199 139
157 -1 2 -1 0 143 454 413
490 407 206 406 143 0 73 318
445 349 174 199 454 73 0 427
296 451 242 139 413 318 427 0
