4
2249
996
1962
1338
8
508
421
385
51
638
630
174
924
0 35 29 51
35 0 -1 60
29 -1 0 57
51 60 57 0
0 -1 282 500 338 -1 458 380
-1 0 136 263 106 196 44 151
282 136 0 -1 180 268 -1 46
500 263 -1 0 24 285 232 297
338 106 180 24 0 213 245 -1
-1 196 268 285 213 0 11 -1
458 44 -1 232 245 11 0 176
380 151 46 297 -1 -1 176 0
