4
1657
2641
316
13
8
905
460
760
89
44
27
614
21
0 2 42 71
2 0 77 83
42 77 0 75
71 83 75 0
0 494 -1 83 -1 467 -1 114
494 0 259 272 360 466 468 178
-1 259 0 340 190 29 314 461
83 272 340 0 356 323 468 422
-1 360 190 356 0 -1 148 430
467 466 29 323 -1 0 163 -1
-1 468 314 468 148 163 0 414
114 178 461 422 430 -1 414 0
