4
439
1651
278
1986
8
84
8
279
607
325
673
603
32
0 14 51 24
14 0 16 87
51 16 0 65
24 87 65 0
0 47 201 -1 5 -1 -1 317
47 0 -1 371 402 91 313 -1
201 -1 0 242 48 393 101 116
-1 371 242 0 -1 272 -1 91
5 402 48 -1 0 -1 472 345
-1 91 393 272 -1 0 437 377
-1 313 101 -1 472 437 0 261
317 -1 116 91 345 377 261 0
