4
1275
224
1759
1828
8
411
239
663
269
709
589
252
530
0 -1 51 5
-1 0 -1 -1
51 -1 0 48
5 -1 48 0
0 460 223 -1 3 485 348 -1
460 0 255 -1 -1 454 314 42
223 255 0 174 19 391 -1 333
-1 -1 174 0 54 396 14 166
3 -1 19 54 0 -1 91 2
485 454 391 396 -1 0 422 125
348 314 -1 14 91 422 0 82
-1 42 333 166 2 125 82 0
