4
559
2109
1205
1320
8
27
906
127
339
739
765
614
363
0 66 78 -1
66 0 19 67
78 19 0 57
-1 67 57 0
0 184 9 188 226 -1 491 123
184 0 219 438 336 248 300 269
9 219 0 390 100 -1 -1 247
188 438 390 0 388 183 -1 32
226 336 100 388 0 106 381 403
-1 248 -1 183 106 0 -1 276
491 300 -1 -1 381 -1 0 380
123 269 247 32 403 276 380 0
