4
204
2290
2968
1812
8
642
237
173
542
500
134
184
105
0 79 -1 91
79 0 43 39
-1 43 0 81
91 39 81 0
0 127 -1 170 420 -1 373 -1
127 0 296 285 296 112 388 375
-1 296 0 387 51 -1 56 -1
170 285 387 0 126 485 472 336
420 296 51 126 0 438 150 221
-1 112 -1 485 438 0 40 477
373 388 56 472 150 40 0 86
-1 375 -1 336 221 477 86 0
