4
2364
2037
796
1597
8
108
322
567
831
670
797
403
164
0 25 6 91
25 0 31 40
6 31 0 62
91 40 62 0
0 -1 -1 368 100 313 226 240
-1 0 412 276 38 369 6 277
-1 412 0 -1 448 393 252 166
368 276 -1 0 -1 66 209 477
100 38 448 -1 0 397 188 -1
313 369 393 66 397 0 -1 19
226 6 252 209 188 -1 0 93
240 277 166 477 -1 19 93 0
