4
2075
1365
1264
616
8
708
136
603
41
41
935
590
974
0 55 50 89
55 0 -1 34
50 -1 0 83
89 34 83 0
0 -1 437 9 306 -1 -1 72
-1 0 317 467 284 257 191 418
437 317 0 368 324 -1 -1 -1
9 467 368 0 112 -1 429 243
306 284 324 112 0 158 216 -1
-1 257 -1 -1 158 0 465 218
-1 191 -1 429 216 465 0 481
72 418 -1 243 -1 218 481 0
