4
491
2395
794
2004
8
126
465
987
817
877
232
752
561
0 85 19 44
85 0 5 14
19 5 0 88
44 14 88 0
0 16 -1 -1 274 -1 -1 311
16 0 -1 -1 186 437 352 5
-1 -1 0 -1 268 249 102 359
-1 -1 -1 0 256 -1 382 422
274 186 268 256 0 -1 11 30
-1 437 249 -1 -1 0 104 15
-1 352 102 382 11 104 0 276
311 5 359 422 30 15 276 0
