4
2866
1974
847
1760
8
726
29
773
48
556
636
538
402
0 95 50 92
95 0 -1 65
50 -1 0 80
92 65 80 0
0 254 411 336 58 55 185 193
254 0 249 302 439 183 365 221
411 249 0 -1 482 5 91 168
336 302 -1 0 452 75 280 311
58 439 482 452 0 55 70 61
55 183 5 75 55 0 159 328
185 365 91 280 70 159 0 279
193 221 168 311 61 328 279 0
