4
2802
1702
2208
63
8
561
148
940
28
730
309
869
300
0 4 29 29
4 0 95 44
29 95 0 16
29 44 16 0
0 -1 279 -1 330 420 214 164
-1 0 380 387 280 92 363 154
279 380 0 341 337 63 225 419
-1 387 341 0 -1 113 23 -1
330 280 337 -1 0 261 15 291
420 92 63 113 261 0 280 24
214 363 225 23 15 280 0 131
164 154 419 -1 291 24 131 0
