4
826
1232
1163
2978
8
612
296
851
362
110
489
183
741
0 1 45 54
1 0 20 54
45 20 0 23
54 54 23 0
0 26 -1 -1 -1 462 122 -1
26 0 -1 143 113 84 83 276
-1 -1 0 77 27 19 371 135
-1 143 77 0 128 -1 458 438
-1 113 27 128 0 180 74 300
462 84 19 -1 180 0 -1 -1
122 83 371 458 74 -1 0 280
-1 276 135 438 300 -1 280 0
