4
1692
1512
1809
2161
8
209
787
887
581
18
560
710
770
0 74 -1 55
74 0 2 30
-1 2 0 -1
55 30 -1 0
0 232 247 295 -1 11 216 243
232 0 424 -1 32 430 270 136
247 424 0 174 212 458 337 -1
295 -1 174 0 -1 37 107 470
-1 32 212 -1 0 286 489 104
11 430 458 37 286 0 60 412
216 270 337 107 489 60 0 57
243 136 -1 470 104 412 57 0
