4
1584
2464
2862
2584
8
329
510
951
865
417
38
317
514
0 -1 32 2
-1 0 93 61
32 93 0 94
2 61 94 0
0 29 435 423 167 214 213 369
29 0 -1 4 365 232 369 388
435 -1 0 -1 488 -1 -1 -1
423 4 -1 0 444 290 -1 -1
167 365 488 444 0 138 328 350
214 232 -1 290 138 0 348 73
213 369 -1 -1 328 348 0 421
369 388 -1 -1 350 73 421 0
