4
1037
222
1688
1182
8
765
354
289
25
232
409
619
272
0 83 81 27
83 0 53 57
81 53 0 60
27 57 60 0
0 267 23 294 -1 52 167 471
267 0 403 -1 -1 427 -1 310
23 403 0 368 417 132 30 49
294 -1 368 0 83 276 -1 -1
-1 -1 417 83 0 218 412 -1
52 427 132 276 218 0 164 -1
167 -1 30 -1 412 164 0 404
471 310 49 -1 -1 -1 404 0
