4
856
2824
552
2549
8
418
802
157
627
581
688
60
63
0 50 40 11
50 0 67 27
40 67 0 66
11 27 66 0
0 465 56 384 480 45 148 458
465 0 412 14 -1 307 337 93
56 412 0 -1 442 260 129 81
384 14 -1 0 203 17 -1 432
480 -1 442 203 0 134 -1 426
45 307 260 17 134 0 -1 150
148 337 129 -1 -1 -1 0 313
458 93 81 432 426 150 313 0
