4
2943
2871
734
2958
8
26
384
84
156
928
451
764
30
0 67 28 77
67 0 51 39
28 51 0 78
77 39 78 0
0 188 38 -1 364 63 290 -1
188 0 271 488 22 178 254 -1
38 271 0 35 -1 -1 -1 -1
-1 488 35 0 451 215 191 182
364 22 -1 451 0 465 -1 74
63 178 -1 215 465 0 456 103
290 254 -1 191 -1 456 0 -1
-1 -1 -1 182 74 103 -1 0
