4
1378
1933
2454
2103
8
620
192
298
5
223
282
665
39
0 67 12 100
67 0 25 85
12 25 0 -1
100 85 -1 0
0 296 185 168 201 -1 7 -1
296 0 353 168 -1 390 335 140
185 353 0 33 201 461 465 34
168 168 33 0 206 -1 -1 484
201 -1 201 206 0 -1 -1 317
-1 390 461 -1 -1 0 351 169
7 335 465 -1 -1 351 0 -1
-1 140 34 484 317 169 -1 0
