4
1849
1117
510
2014
8
19
801
536
674
510
372
904
591
0 78 26 34
78 0 61 1
26 61 0 5
34 1 5 0
0 238 -1 -1 435 354 -1 173
238 0 153 -1 29 456 -1 387
-1 153 0 313 35 -1 -1 69
-1 -1 313 0 225 227 460 235
435 29 35 225 0 122 216 44
354 456 -1 227 122 0 13 219
-1 -1 -1 460 216 13 0 105
173 387 69 235 44 219 105 0
