4
1811
2761
271
210
8
779
133
733
142
315
329
525
780
0 11 98 77
11 0 11 9
98 11 0 34
77 9 34 0
0 -1 -1 131 17 -1 468 6
-1 0 252 495 436 99 86 459
-1 252 0 -1 -1 199 133 -1
131 495 -1 0 425 6 384 482
17 436 -1 425 0 -1 31 246
-1 99 199 6 -1 0 397 -1
468 86 133 384 31 397 0 63
6 459 -1 482 246 -1 63 0
