4
853
2603
1871
993
8
511
501
947
568
175
219
882
343
0 57 73 71
57 0 11 -1
73 11 0 12
71 -1 12 0
0 -1 76 26 471 279 174 1
-1 0 -1 25 90 -1 33 -1
76 -1 0 -1 16 219 228 -1
26 25 -1 0 300 228 175 394
471 90 16 300 0 150 -1 153
279 -1 219 228 150 0 134 156
174 33 228 175 -1 134 0 -1
1 -1 -1 394 153 156 -1 0
