4
1907
2867
1976
57
8
924
711
365
60
163
575
397
998
0 100 9 86
100 0 11 32
9 11 0 27
86 32 27 0
0 91 -1 116 42 127 429 277
91 0 338 489 111 461 -1 245
-1 338 0 97 414 375 162 434
116 489 97 0 169 373 477 171
42 111 414 169 0 220 361 27
127 461 375 373 220 0 456 220
429 -1 162 477 361 456 0 396
277 245 434 171 27 220 396 0
