4
255
2433
1061
2282
8
293
564
767
965
147
286
653
807
0 5 49 59
5 0 54 92
49 54 0 78
59 92 78 0
0 37 70 -1 55 57 381 325
37 0 303 236 78 15 -1 138
70 303 0 421 115 303 395 -1
-1 236 421 0 203 204 355 204
55 78 115 203 0 4 431 278
57 15 303 204 4 0 -1 -1
381 -1 395 355 431 -1 0 63
325 138 -1 204 278 -1 63 0
