4
2921
1821
540
2974
8
813
991
519
437
128
43
638
811
0 91 3 38
91 0 27 21
3 27 0 16
38 21 16 0
0 304 175 299 197 261 90 392
304 0 -1 221 494 191 42 465
175 -1 0 256 284 56 272 -1
299 221 256 0 3 2 201 445
197 494 284 3 0 357 235 412
261 191 56 2 357 0 240 422
90 42 272 201 235 240 0 102
392 465 -1 445 412 422 102 0
