4
2535
1345
2968
503
8
627
289
426
419
635
606
556
179
0 85 97 -1
85 0 69 -1
97 69 0 12
-1 -1 12 0
0 409 478 282 91 360 500 60
409 0 364 152 108 332 -1 497
478 364 0 165 325 324 75 271
282 152 165 0 112 106 195 -1
91 108 325 112 0 142 156 320
360 332 324 106 142 0 312 229
500 -1 75 195 156 312 0 408
60 497 271 -1 320 229 408 0
