4
1206
54
2072
878
8
494
442
208
355
359
334
299
137
0 82 37 75
82 0 72 79
37 72 0 -1
75 79 -1 0
0 -1 202 -1 486 182 151 -1
-1 0 192 246 400 317 119 451
202 192 0 -1 -1 147 90 361
-1 246 -1 0 133 450 -1 -1
486 400 -1 133 0 434 322 67
182 317 147 450 434 0 111 228
151 119 90 -1 322 111 0 481
-1 451 361 -1 67 228 481 0
