4
2244
2295
2238
2008
8
319
57
913
873
937
902
661
11
0 -1 49 19
-1 0 38 11
49 38 0 29
19 11 29 0
0 -1 -1 470 310 -1 197 9
-1 0 78 14 112 250 109 441
-1 78 0 225 316 -1 -1 487
470 14 225 0 355 198 268 437
310 112 316 355 0 271 31 359
-1 250 -1 198 271 0 443 344
197 109 -1 268 31 443 0 156
9 441 487 437 359 344 156 0
