4
1312
2506
2848
2307
8
959
472
33
60
363
734
464
664
0 25 40 -1
25 0 -1 46
40 -1 0 21
-1 46 21 0
0 -1 362 88 -1 462 -1 125
-1 0 178 162 154 440 351 235
362 178 0 433 366 312 342 318
88 162 433 0 -1 222 202 62
-1 154 366 -1 0 81 -1 132
462 440 312 222 81 0 81 399
-1 351 342 202 -1 81 0 229
125 235 318 62 132 399 229 0
