4
1249
2647
2418
2200
8
73
289
206
848
454
504
152
116
0 -1 43 3
-1 0 44 76
43 44 0 -1
3 76 -1 0
0 229 473 148 -1 447 92 -1
229 0 430 364 165 -1 386 -1
473 430 0 333 307 -1 398 -1
148 364 333 0 459 246 464 16
-1 165 307 459 0 -1 143 -1
447 -1 -1 246 -1 0 246 234
92 386 398 464 143 246 0 56
-1 -1 -1 16 -1 234 56 0
