4
1997
261
2432
881
8
211
189
775
52
813
284
968
8
0 -1 18 93
-1 0 36 19
18 36 0 28
93 19 28 0
0 103 76 329 295 401 284 27
103 0 -1 -1 6 358 296 170
76 -1 0 -1 -1 318 88 240
329 -1 -1 0 -1 482 195 209
295 6 -1 -1 0 474 13 288
401 358 318 482 474 0 392 13
284 296 88 195 13 392 0 343
27 170 240 209 288 13 343 0
