4
2744
2406
349
1504
8
804
824
790
339
213
110
846
312
0 14 17 -1
14 0 18 -1
17 18 0 47
-1 -1 47 0
0 110 -1 -1 140 421 -1 278
110 0 115 -1 -1 128 -1 154
-1 115 0 453 -1 155 -1 70
-1 -1 453 0 30 -1 -1 285
140 -1 -1 30 0 18 -1 465
421 128 155 -1 18 0 17 57
-1 -1 -1 -1 -1 17 0 422
278 154 70 285 465 57 422 0
