4
1727
748
2970
402
8
552
595
442
520
157
588
383
851
0 32 98 59
32 0 32 66
98 32 0 84
59 66 84 0
0 59 421 225 245 178 429 199
59 0 275 303 -1 -1 279 -1
421 275 0 348 238 177 243 148
225 303 348 0 11 36 170 233
245 -1 238 11 0 461 -1 4
178 -1 177 36 461 0 372 -1
429 279 243 170 -1 372 0 268
199 -1 148 233 4 -1 268 0
