4
1922
1398
2071
762
8
353
185
135
88
822
717
175
643
0 76 53 40
76 0 82 35
53 82 0 74
40 35 74 0
0 190 255 -1 351 60 142 33
190 0 -1 159 324 -1 433 -1
255 -1 0 -1 92 187 231 361
-1 159 -1 0 -1 163 269 -1
351 324 92 -1 0 249 463 281
60 -1 187 163 249 0 229 344
142 433 231 269 463 229 0 450
33 -1 361 -1 281 344 450 0
