4
2994
1466
1172
798
8
665
649
905
68
42
834
548
249
0 -1 44 59
-1 0 -1 -1
44 -1 0 -1
59 -1 -1 0
0 364 287 -1 399 49 139 77
364 0 -1 -1 335 -1 106 -1
287 -1 0 18 -1 70 102 163
-1 -1 18 0 376 32 94 468
399 335 -1 376 0 409 -1 50
49 -1 70 32 409 0 371 462
139 106 102 94 -1 371 0 241
77 -1 163 468 50 462 241 0
