4
1077
886
2076
2105
8
181
190
149
121
659
175
595
394
0 -1 57 -1
-1 0 58 8
57 58 0 85
-1 8 85 0
0 462 210 393 28 298 482 216
462 0 97 -1 472 300 -1 190
210 97 0 232 234 234 -1 284
393 -1 232 0 259 85 -1 289
28 472 234 259 0 49 257 400
298 300 234 85 49 0 271 -1
482 -1 -1 -1 257 271 0 22
216 190 284 289 400 -1 22 0
