4
1900
2487
412
2578
8
319
195
276
301
665
748
899
232
0 4 5 74
4 0 29 57
5 29 0 87
74 57 87 0
0 -1 494 243 229 290 135 18
-1 0 289 428 47 162 287 389
494 289 0 260 474 211 364 473
243 428 260 0 426 365 193 101
229 47 474 426 0 344 190 282
290 162 211 365 344 0 229 366
135 287 364 193 190 229 0 8
18 389 473 101 282 366 8 0
