4
650
1594
522
2494
8
518
411
591
145
605
716
376
708
0 70 15 24
70 0 49 16
15 49 0 30
24 16 30 0
0 237 461 357 307 389 -1 232
237 0 482 336 435 482 277 373
461 482 0 20 441 190 124 401
357 336 20 0 369 469 118 405
307 435 441 369 0 -1 206 371
389 482 190 469 -1 0 90 305
-1 277 124 118 206 90 0 460
232 373 401 405 371 305 460 0
