4
2837
2077
1038
496
8
10
282
727
629
502
834
903
469
0 87 20 44
87 0 -1 -1
20 -1 0 85
44 -1 85 0
0 -1 288 293 392 330 6 297
-1 0 464 381 296 -1 -1 202
288 464 0 114 285 -1 45 28
293 381 114 0 171 500 308 244
392 296 285 171 0 263 399 348
330 -1 -1 500 263 0 268 330
6 -1 45 308 399 268 0 266
297 202 28 244 348 330 266 0
