4
1646
2831
2519
2546
8
962
884
476
796
383
197
731
660
0 6 20 82
6 0 57 90
20 57 0 1
82 90 1 0
0 480 496 -1 400 379 199 203
480 0 405 119 278 12 59 95
496 405 0 -1 463 -1 11 464
-1 119 -1 0 -1 288 73 433
400 278 463 -1 0 302 151 422
379 12 -1 288 302 0 443 -1
199 59 11 73 151 443 0 185
203 95 464 433 422 -1 185 0
