4
447
2222
2732
1109
8
894
618
870
251
709
827
297
861
0 34 98 17
34 0 -1 56
98 -1 0 49
17 56 49 0
0 125 304 5 154 -1 81 403
125 0 442 177 158 41 339 287
304 442 0 393 296 467 197 266
5 177 393 0 155 264 420 378
154 158 296 155 0 30 239 143
-1 41 467 264 30 0 101 205
81 339 197 420 239 101 0 140
403 287 266 378 143 205 140 0
