4
2781
1931
2169
1643
8
326
924
577
144
931
571
903
122
0 44 63 46
44 0 40 15
63 40 0 31
46 15 31 0
0 178 100 272 395 349 219 58
178 0 99 474 219 129 -1 15
100 99 0 265 172 138 -1 -1
272 474 265 0 78 332 55 391
395 219 172 78 0 26 394 -1
349 129 138 332 26 0 114 -1
219 -1 -1 55 394 114 0 161
58 15 -1 391 -1 -1 161 0
