4
1728
143
823
2078
8
230
521
901
986
700
231
286
290
0 -1 10 46
-1 0 -1 56
10 -1 0 87
46 56 87 0
0 227 191 134 106 429 415 257
227 0 104 -1 157 111 108 -1
191 104 0 -1 412 492 317 394
134 -1 -1 0 -1 -1 -1 359
106 157 412 -1 0 371 169 360
429 111 492 -1 371 0 298 289
415 108 317 -1 169 298 0 263
257 -1 394 359 360 289 263 0
