4
2923
2245
2335
1343
8
754
414
681
282
762
346
421
657
0 59 30 25
59 0 11 25
30 11 0 31
25 25 31 0
0 137 210 38 300 417 218 277
137 0 259 118 295 16 354 477
210 259 0 29 -1 91 212 378
38 118 29 0 -1 396 439 -1
300 295 -1 -1 0 -1 360 -1
417 16 91 396 -1 0 297 361
218 354 212 439 360 297 0 114
277 477 378 -1 -1 361 114 0
