4
50
1918
2675
2719
8
596
716
414
630
667
647
387
417
0 43 81 57
43 0 47 94
81 47 0 80
57 94 80 0
0 30 209 327 233 -1 235 -1
30 0 -1 376 -1 448 63 379
209 -1 0 5 477 111 246 -1
327 376 5 0 33 4 -1 128
233 -1 477 33 0 251 277 203
-1 448 111 4 251 0 -1 -1
235 63 246 -1 277 -1 0 307
-1 379 -1 128 203 -1 307 0
