4
2184
1808
2158
1971
8
613
748
844
62
774
680
792
842
0 23 71 79
23 0 34 67
71 34 0 31
79 67 31 0
0 -1 369 5 76 394 418 244
-1 0 35 299 438 256 244 181
369 35 0 402 401 183 -1 422
5 299 402 0 331 113 -1 299
76 438 401 331 0 69 311 261
394 256 183 113 69 0 199 255
418 244 -1 -1 311 199 0 130
244 181 422 299 261 255 130 0
