4
1535
1416
1248
952
8
401
718
642
201
24
301
725
367
0 2 -1 45
2 0 -1 68
-1 -1 0 -1
45 68 -1 0
0 -1 7 203 96 188 89 226
-1 0 -1 392 78 482 210 442
7 -1 0 442 139 245 245 34
203 392 442 0 213 303 405 113
96 78 139 213 0 165 409 496
188 482 245 303 165 0 406 -1
89 210 245 405 409 406 0 358
226 442 34 113 496 -1 358 0
