4
2686
2956
2122
2986
8
348
383
844
819
63
194
834
507
0 41 76 12
41 0 53 -1
76 53 0 56
12 -1 56 0
0 116 379 -1 -1 291 6 -1
116 0 262 153 456 52 421 56
379 262 0 -1 307 187 187 11
-1 153 -1 0 12 404 180 425
-1 456 307 12 0 159 58 226
291 52 187 404 159 0 485 468
6 421 187 180 58 485 0 190
-1 56 11 425 226 468 190 0
