4
2348
2509
973
1879
8
965
335
358
542
784
751
238
602
0 74 41 -1
74 0 84 23
41 84 0 64
-1 23 64 0
0 461 281 -1 331 319 122 157
461 0 145 149 194 271 287 435
281 145 0 112 183 202 193 22
-1 149 112 0 -1 355 -1 113
331 194 183 -1 0 224 98 160
319 271 202 355 224 0 228 -1
122 287 193 -1 98 228 0 89
157 435 22 113 160 -1 89 0
