4
1914
1930
1278
2409
8
748
230
412
581
39
61
810
487
0 6 4 76
6 0 43 51
4 43 0 12
76 51 12 0
0 207 127 141 155 334 12 173
207 0 -1 130 416 -1 371 92
127 -1 0 24 1 -1 18 365
141 130 24 0 496 263 178 470
155 416 1 496 0 494 396 97
334 -1 -1 263 494 0 201 421
12 371 18 178 396 201 0 87
173 92 365 470 97 421 87 0
