4
2157
767
2036
537
8
406
235
636
137
672
801
624
763
0 49 12 25
49 0 43 32
12 43 0 39
25 32 39 0
0 483 411 -1 443 -1 131 358
483 0 305 157 179 316 -1 101
411 305 0 98 12 223 80 144
-1 157 98 0 162 -1 439 317
443 179 12 162 0 -1 335 304
-1 316 223 -1 -1 0 410 -1
131 -1 80 439 335 410 0 -1
358 101 144 317 304 -1 -1 0
