4
1518
723
1247
1529
8
859
820
450
267
119
486
755
107
0 14 58 93
14 0 -1 56
58 -1 0 82
93 56 82 0
0 212 353 450 69 115 189 122
212 0 -1 439 466 101 280 345
353 -1 0 26 482 -1 157 218
450 439 26 0 70 95 136 13
69 466 482 70 0 -1 77 59
115 101 -1 95 -1 0 407 77
189 280 157 136 77 407 0 340
122 345 218 13 59 77 340 0
