4
1679
1929
1801
2731
8
144
842
910
937
23
152
122
440
0 65 13 -1
65 0 10 10
13 10 0 -1
-1 10 -1 0
0 493 47 226 483 39 307 147
493 0 173 308 482 -1 389 9
47 173 0 -1 -1 378 398 -1
226 308 -1 0 427 266 -1 340
483 482 -1 427 0 340 -1 58
39 -1 378 266 340 0 412 309
307 389 398 -1 -1 412 0 -1
147 9 -1 340 58 309 -1 0
