4
1228
1891
2798
2165
8
234
197
129
241
507
749
521
370
0 97 50 72
97 0 90 45
50 90 0 46
72 45 46 0
0 -1 466 312 318 261 -1 219
-1 0 455 -1 494 -1 103 239
466 455 0 270 135 423 101 277
312 -1 270 0 37 -1 126 9
318 494 135 37 0 218 65 248
261 -1 423 -1 218 0 419 444
-1 103 101 126 65 419 0 57
219 239 277 9 248 444 57 0
