4
240
2696
254
1756
8
909
517
73
892
114
821
28
489
0 31 11 9
31 0 -1 82
11 -1 0 6
9 82 6 0
0 44 -1 119 257 145 414 21
44 0 426 384 198 -1 114 -1
-1 426 0 294 490 211 15 -1
119 384 294 0 138 500 -1 -1
257 198 490 138 0 378 443 356
145 -1 211 500 378 0 69 244
414 114 15 -1 443 69 0 -1
21 -1 -1 -1 356 244 -1 0
