4
2468
2061
2620
2135
8
789
464
678
777
688
801
238
435
0 21 70 72
21 0 80 18
70 80 0 13
72 18 13 0
0 229 -1 112 -1 6 430 60
229 0 472 339 436 459 275 309
-1 472 0 227 106 408 -1 -1
112 339 227 0 227 256 147 -1
-1 436 106 227 0 174 -1 -1
6 459 408 256 174 0 -1 -1
430 275 -1 147 -1 -1 0 282
60 309 -1 -1 -1 -1 282 0
