4
2520
1503
1839
2248
8
242
336
280
358
386
264
610
733
0 100 52 -1
100 0 -1 -1
52 -1 0 72
-1 -1 72 0
0 295 196 65 159 244 73 83
295 0 -1 -1 277 -1 274 217
196 -1 0 -1 -1 353 483 -1
65 -1 -1 0 321 167 489 254
159 277 -1 321 0 495 410 94
244 -1 353 167 495 0 122 364
73 274 483 489 410 122 0 99
83 217 -1 254 94 364 99 0
