4
1559
2288
585
2577
8
404
344
453
170
809
702
471
259
0 25 97 90
25 0 29 71
97 29 0 15
90 71 15 0
0 -1 140 241 277 211 -1 233
-1 0 166 230 42 338 -1 484
140 166 0 374 232 135 -1 312
241 230 374 0 154 476 472 160
277 42 232 154 0 252 256 425
211 338 135 476 252 0 273 58
-1 -1 -1 472 256 273 0 249
233 484 312 160 425 58 249 0
