4
1270
1528
2729
2812
8
13
673
975
57
341
606
203
400
0 87 2 72
87 0 -1 79
2 -1 0 46
72 79 46 0
0 -1 -1 500 26 351 364 383
-1 0 451 -1 -1 90 406 -1
-1 451 0 171 121 71 67 127
500 -1 171 0 370 121 327 91
26 -1 121 370 0 13 119 -1
351 90 71 121 13 0 370 288
364 406 67 327 119 370 0 436
383 -1 127 91 -1 288 436 0
