4
2475
1314
215
1081
8
737
100
581
272
826
327
486
561
0 26 95 88
26 0 33 67
95 33 0 41
88 67 41 0
0 116 376 152 425 296 163 -1
116 0 228 78 442 263 289 371
376 228 0 -1 140 -1 223 -1
152 78 -1 0 -1 105 324 -1
425 442 140 -1 0 423 429 225
296 263 -1 105 423 0 311 476
163 289 223 324 429 311 0 146
-1 371 -1 -1 225 476 146 0
