4
753
2420
740
2119
8
445
842
275
574
881
99
21
980
0 49 51 4
49 0 82 69
51 82 0 72
4 69 72 0
0 338 234 -1 -1 18 349 347
338 0 -1 123 310 346 378 369
234 -1 0 339 -1 -1 33 50
-1 123 339 0 394 33 361 -1
-1 310 -1 394 0 -1 292 -1
18 346 -1 33 -1 0 370 82
349 378 33 361 292 370 0 222
347 369 50 -1 -1 82 222 0
