4
98
2549
980
2680
8
361
968
96
137
470
207
553
154
0 94 35 54
94 0 45 91
35 45 0 65
54 91 65 0
0 240 498 122 234 428 115 104
240 0 211 246 347 479 254 54
498 211 0 499 390 398 172 83
122 246 499 0 155 -1 68 -1
234 347 390 155 0 336 -1 249
428 479 398 -1 336 0 18 302
115 254 172 68 -1 18 0 248
104 54 83 -1 249 302 248 0
