4
940
519
2225
445
8
40
621
343
909
315
381
165
313
0 63 66 60
63 0 -1 53
66 -1 0 40
60 53 40 0
0 216 -1 76 119 334 480 497
216 0 466 260 293 216 138 474
-1 466 0 -1 39 227 57 239
76 260 -1 0 -1 239 -1 139
119 293 39 -1 0 297 439 123
334 216 227 239 297 0 32 251
480 138 57 -1 439 32 0 -1
497 474 239 139 123 251 -1 0
