4
2343
2931
573
1157
8
598
900
456
986
498
539
28
547
0 -1 -1 1
-1 0 16 4
-1 16 0 1
1 4 1 0
0 -1 -1 457 227 128 187 66
-1 0 142 394 394 299 148 1
-1 142 0 355 -1 346 170 223
457 394 355 0 377 -1 -1 394
227 394 -1 377 0 323 220 113
128 299 346 -1 323 0 -1 93
187 148 170 -1 220 -1 0 225
66 1 223 394 113 93 225 0
