4
2668
1648
1075
2146
8
54
340
292
764
536
896
510
841
0 48 50 21
48 0 20 35
50 20 0 -1
21 35 -1 0
0 496 193 218 145 466 500 224
496 0 466 -1 473 32 46 466
193 466 0 311 460 444 71 481
218 -1 311 0 70 -1 101 46
145 473 460 70 0 312 106 421
466 32 444 -1 312 0 205 130
500 46 71 101 106 205 0 267
224 466 481 46 421 130 267 0
