4
1147
2236
1858
2904
8
464
683
393
867
635
300
989
803
0 6 -1 23
6 0 12 72
-1 12 0 29
23 72 29 0
0 -1 436 65 43 158 323 117
-1 0 211 20 422 448 208 211
436 211 0 491 278 374 291 270
65 20 491 0 119 493 161 464
43 422 278 119 0 344 63 132
158 448 374 493 344 0 -1 314
323 208 291 161 63 -1 0 316
117 211 270 464 132 314 316 0
