4
1177
1659
1690
1112
8
147
690
682
168
925
527
392
662
0 35 71 48
35 0 3 15
71 3 0 87
48 15 87 0
0 -1 47 292 81 -1 149 327
-1 0 39 164 235 425 362 496
47 39 0 264 43 383 315 415
292 164 264 0 -1 213 431 12
81 235 43 -1 0 315 455 77
-1 425 383 213 315 0 284 -1
149 362 315 431 455 284 0 438
327 496 415 12 77 -1 438 0
