4
2556
2304
2845
802
8
502
113
35
535
615
386
559
720
0 42 93 59
42 0 -1 55
93 -1 0 43
59 55 43 0
0 -1 -1 -1 275 424 -1 242
-1 0 -1 332 214 142 16 174
-1 -1 0 67 113 26 223 438
-1 332 67 0 101 312 212 398
275 214 113 101 0 459 -1 410
424 142 26 312 459 0 306 144
-1 16 223 212 -1 306 0 4
242 174 438 398 410 144 4 0
