4
1574
763
1512
2451
8
29
912
359
789
863
196
349
59
0 13 53 57
13 0 17 91
53 17 0 6
57 91 6 0
0 162 216 174 -1 315 4 233
162 0 266 181 207 124 167 499
216 266 0 66 378 321 449 494
174 181 66 0 179 375 144 407
-1 207 378 179 0 490 314 429
315 124 321 375 490 0 -1 238
4 167 449 144 314 -1 0 104
233 499 494 407 429 238 104 0
