4
946
1930
211
2324
8
372
765
172
191
41
373
622
35
0 22 14 2
22 0 96 79
14 96 0 -1
2 79 -1 0
0 -1 385 389 315 -1 188 464
-1 0 477 -1 294 -1 427 -1
385 477 0 -1 -1 166 177 408
389 -1 -1 0 416 180 264 -1
315 294 -1 416 0 285 174 433
-1 -1 166 180 285 0 281 42
188 427 177 264 174 281 0 2
464 -1 408 -1 433 42 2 0
