4
843
2932
1632
1583
8
898
349
120
388
798
186
686
807
0 64 15 69
64 0 24 65
15 24 0 64
69 65 64 0
0 415 174 289 181 79 189 -1
415 0 363 209 344 385 397 82
174 363 0 180 472 -1 452 -1
289 209 180 0 310 397 111 409
181 344 472 310 0 68 438 8
79 385 -1 397 68 0 243 405
189 397 452 111 438 243 0 -1
-1 82 -1 409 8 405 -1 0
