4
1251
1023
2615
2639
8
248
462
212
9
429
415
442
92
0 3 27 75
3 0 78 11
27 78 0 20
75 11 20 0
0 -1 292 456 -1 466 343 -1
-1 0 -1 451 -1 186 -1 371
292 -1 0 93 267 491 -1 86
456 451 93 0 -1 474 270 -1
-1 -1 267 -1 0 473 183 206
466 186 491 474 473 0 119 46
343 -1 -1 270 183 119 0 340
-1 371 86 -1 206 46 340 0
