4
2275
1706
2763
586
8
75
249
373
701
838
445
720
179
0 60 1 67
60 0 46 13
1 46 0 -1
67 13 -1 0
0 -1 78 19 -1 84 56 49
-1 0 125 -1 112 -1 89 164
78 125 0 434 442 176 58 149
19 -1 434 0 202 -1 71 486
-1 112 442 202 0 -1 430 489
84 -1 176 -1 -1 0 430 424
56 89 58 71 430 430 0 446
49 164 149 486 489 424 446 0
