4
1463
2066
2386
958
8
661
118
291
364
639
21
595
44
0 4 19 89
4 0 51 5
19 51 0 81
89 5 81 0
0 248 463 423 157 343 415 467
248 0 118 51 372 39 131 318
463 118 0 62 63 211 181 303
423 51 62 0 133 -1 -1 340
157 372 63 133 0 128 20 170
343 39 211 -1 128 0 -1 477
415 131 181 -1 20 -1 0 224
467 318 303 340 170 477 224 0
