4
2743
1112
1057
23
8
332
352
608
211
937
786
353
634
0 1 74 43
1 0 44 63
74 44 0 54
43 63 54 0
0 229 191 -1 66 472 451 299
229 0 363 308 493 91 235 201
191 363 0 -1 429 -1 407 456
-1 308 -1 0 175 87 272 427
66 493 429 175 0 496 194 301
472 91 -1 87 496 0 35 395
451 235 407 272 194 35 0 233
299 201 456 427 301 395 233 0
