4
2478
1854
1735
21
8
817
218
657
668
331
871
94
393
0 12 -1 58
12 0 -1 72
-1 -1 0 82
58 72 82 0
0 -1 433 15 31 410 234 381
-1 0 399 291 244 449 482 135
433 399 0 359 -1 459 51 -1
15 291 359 0 42 181 332 335
31 244 -1 42 0 -1 429 305
410 449 459 181 -1 0 466 473
234 482 51 332 429 466 0 445
381 135 -1 335 305 473 445 0
