4
2790
1356
2097
2782
8
281
982
113
235
798
534
529
546
0 96 58 -1
96 0 35 32
58 35 0 71
-1 32 71 0
0 374 339 -1 211 166 198 -1
374 0 66 477 342 264 339 117
339 66 0 -1 150 142 98 447
-1 477 -1 0 478 136 381 233
211 342 150 478 0 6 472 239
166 264 142 136 6 0 107 199
198 339 98 381 472 107 0 150
-1 117 447 233 239 199 150 0
