4
841
725
2652
1762
8
900
637
982
209
230
836
806
286
0 36 -1 45
36 0 73 89
-1 73 0 60
45 89 60 0
0 494 496 344 281 -1 15 167
494 0 209 253 79 144 306 255
496 209 0 399 472 124 321 195
344 253 399 0 430 -1 165 182
281 79 472 430 0 -1 277 222
-1 144 124 -1 -1 0 -1 -1
15 306 321 165 277 -1 0 346
167 255 195 182 222 -1 346 0
