4
1702
2440
2444
2294
8
78
78
673
838
278
253
906
410
0 81 67 76
81 0 66 19
67 66 0 100
76 19 100 0
0 111 106 412 36 441 386 362
111 0 407 382 146 -1 403 -1
106 407 0 385 -1 272 -1 6
412 382 385 0 218 246 67 -1
36 146 -1 218 0 305 -1 429
441 -1 272 246 305 0 -1 490
386 403 -1 67 -1 -1 0 18
362 -1 6 -1 429 490 18 0
