4
2532
2914
2061
1795
8
669
163
816
835
487
671
980
440
0 64 90 40
64 0 14 61
90 14 0 61
40 61 61 0
0 261 381 205 -1 124 23 213
261 0 217 205 235 -1 18 22
381 217 0 333 257 98 282 274
205 205 333 0 428 31 -1 328
-1 235 257 428 0 296 25 309
124 -1 98 31 296 0 81 174
23 18 282 -1 25 81 0 419
213 22 274 328 309 174 419 0
