4
1328
141
1047
1953
8
184
308
340
177
88
253
977
715
0 61 78 51
61 0 6 29
78 6 0 56
51 29 56 0
0 -1 207 -1 -1 -1 178 -1
-1 0 399 -1 334 221 398 3
207 399 0 189 -1 127 265 368
-1 -1 189 0 -1 465 271 39
-1 334 -1 -1 0 471 -1 336
-1 221 127 465 471 0 487 88
178 398 265 271 -1 487 0 65
-1 3 368 39 336 88 65 0
