4
1201
1163
2062
1728
8
584
125
66
680
129
844
458
288
0 62 29 -1
62 0 32 25
29 32 0 -1
-1 25 -1 0
0 211 105 4 492 92 243 78
211 0 -1 500 443 500 349 498
105 -1 0 -1 350 151 194 355
4 500 -1 0 419 462 -1 333
492 443 350 419 0 292 406 272
92 500 151 462 292 0 313 479
243 349 194 -1 406 313 0 376
78 498 355 333 272 479 376 0
