4
505
1345
1023
2759
8
626
44
32
4
957
209
796
242
0 4 97 56
4 0 68 31
97 68 0 -1
56 31 -1 0
0 496 28 -1 359 150 19 -1
496 0 357 -1 -1 400 192 177
28 357 0 356 379 -1 120 -1
-1 -1 356 0 155 200 -1 -1
359 -1 379 155 0 277 312 123
150 400 -1 200 277 0 75 436
19 192 120 -1 312 75 0 164
-1 177 -1 -1 123 436 164 0
