4
2056
2127
2420
2007
8
22
235
553
144
429
950
817
321
0 33 14 80
33 0 -1 98
14 -1 0 3
80 98 3 0
0 277 390 137 258 371 319 -1
277 0 3 19 -1 365 24 499
390 3 0 300 456 311 -1 80
137 19 300 0 439 384 44 312
258 -1 456 439 0 -1 24 -1
371 365 311 384 -1 0 194 259
319 24 -1 44 24 194 0 25
-1 499 80 312 -1 259 25 0
