4
569
419
1372
1855
8
619
81
670
703
51
274
214
196
0 -1 -1 80
-1 0 37 61
-1 37 0 29
80 61 29 0
0 426 121 325 33 24 126 192
426 0 182 398 415 26 142 -1
121 182 0 338 119 -1 430 -1
325 398 338 0 253 147 261 243
33 415 119 253 0 482 175 3
24 26 -1 147 482 0 307 171
126 142 430 261 175 307 0 488
192 -1 -1 243 3 171 488 0
