4
2829
2660
2554
2187
8
894
368
736
443
825
957
857
557
0 13 42 4
13 0 89 50
42 89 0 -1
4 50 -1 0
0 438 243 62 110 231 -1 333
438 0 138 288 220 -1 -1 -1
243 138 0 233 334 76 -1 374
62 288 233 0 500 223 13 197
110 220 334 500 0 42 -1 350
231 -1 76 223 42 0 -1 -1
-1 -1 -1 13 -1 -1 0 -1
333 -1 374 197 350 -1 -1 0
