4
1797
833
1512
2591
8
237
257
590
477
721
462
424
651
0 50 81 3
50 0 27 -1
81 27 0 21
3 -1 21 0
0 173 425 -1 -1 235 -1 -1
173 0 153 259 157 70 15 -1
425 153 0 92 65 495 190 452
-1 259 92 0 77 -1 298 193
-1 157 65 77 0 337 404 134
235 70 495 -1 337 0 97 271
-1 15 190 298 404 97 0 468
-1 -1 452 193 134 271 468 0
