4
2352
2078
2035
2997
8
601
86
553
95
143
816
249
513
0 -1 9 44
-1 0 75 38
9 75 0 -1
44 38 -1 0
0 262 487 237 65 49 453 133
262 0 224 31 265 251 222 348
487 224 0 3 28 41 83 177
237 31 3 0 -1 38 144 317
65 265 28 -1 0 339 467 313
49 251 41 38 339 0 371 208
453 222 83 144 467 371 0 339
133 348 177 317 313 208 339 0
