4
430
1040
2345
484
8
211
842
937
343
51
538
52
229
0 70 7 62
70 0 23 7
7 23 0 -1
62 7 -1 0
0 181 -1 44 394 443 484 72
181 0 21 326 55 229 292 168
-1 21 0 293 223 480 -1 63
44 326 293 0 -1 431 -1 190
394 55 223 -1 0 249 -1 356
443 229 480 431 249 0 -1 299
484 292 -1 -1 -1 -1 0 254
72 168 63 190 356 299 254 0
