4
2672
261
1879
2929
8
391
595
235
753
420
479
724
384
0 54 -1 74
54 0 79 73
-1 79 0 61
74 73 61 0
0 143 80 273 27 63 355 8
143 0 -1 447 196 417 497 57
80 -1 0 450 230 -1 466 292
273 447 450 0 266 -1 385 175
27 196 230 266 0 489 96 323
63 417 -1 -1 489 0 323 329
355 497 466 385 96 323 0 205
8 57 292 175 323 329 205 0
