4
2995
658
1990
1174
8
694
155
498
141
977
900
964
526
0 99 29 79
99 0 11 16
29 11 0 4
79 16 4 0
0 -1 431 393 -1 210 422 172
-1 0 189 38 429 255 48 409
431 189 0 112 -1 12 51 181
393 38 112 0 146 295 450 445
-1 429 -1 146 0 320 -1 394
210 255 12 295 320 0 433 165
422 48 51 450 -1 433 0 -1
172 409 181 445 394 165 -1 0
