4
853
984
2108
1990
8
409
741
542
341
202
264
564
997
0 63 86 89
63 0 34 91
86 34 0 44
89 91 44 0
0 480 -1 270 299 477 -1 147
480 0 434 343 -1 -1 109 120
-1 434 0 421 -1 38 -1 298
270 343 421 0 121 475 -1 126
299 -1 -1 121 0 56 -1 308
477 -1 38 475 56 0 377 436
-1 109 -1 -1 -1 377 0 302
147 120 298 126 308 436 302 0
