4
868
585
1636
2099
8
272
116
457
647
77
204
919
612
0 52 62 93
52 0 54 -1
62 54 0 9
93 -1 9 0
0 272 306 -1 489 233 484 152
272 0 80 328 491 135 -1 185
306 80 0 146 -1 -1 148 467
-1 328 146 0 87 -1 201 381
489 491 -1 87 0 -1 152 337
233 135 -1 -1 -1 0 398 91
484 -1 148 201 152 398 0 312
152 185 467 381 337 91 312 0
