4
1904
2001
617
81
8
120
642
263
21
339
273
291
749
0 81 61 48
81 0 31 47
61 31 0 -1
48 47 -1 0
0 -1 359 314 72 -1 126 187
-1 0 342 362 120 377 99 -1
359 342 0 -1 -1 455 58 -1
314 362 -1 0 179 203 123 364
72 120 -1 179 0 27 429 -1
-1 377 455 203 27 0 385 489
126 99 58 123 429 385 0 457
187 -1 -1 364 -1 489 457 0
