4
1877
29
854
1499
8
741
175
588
535
235
330
541
126
0 35 88 22
35 0 22 -1
88 22 0 8
22 -1 8 0
0 147 194 41 232 191 32 481
147 0 -1 145 -1 123 5 148
194 -1 0 -1 -1 -1 354 235
41 145 -1 0 312 -1 337 186
232 -1 -1 312 0 384 -1 -1
191 123 -1 -1 384 0 48 4
32 5 354 337 -1 48 0 61
481 148 235 186 -1 4 61 0
