4
111
2192
323
843
8
156
230
467
14
727
275
598
337
0 14 34 3
14 0 93 44
34 93 0 10
3 44 10 0
0 -1 301 342 124 58 409 363
-1 0 468 441 22 499 -1 294
301 468 0 479 200 408 120 -1
342 441 479 0 239 314 30 429
124 22 200 239 0 375 189 -1
58 499 408 314 375 0 1 435
409 -1 120 30 189 1 0 198
363 294 -1 429 -1 435 198 0
