4
2275
2215
851
321
8
193
111
463
855
823
747
569
159
0 49 43 28
49 0 -1 55
43 -1 0 35
28 55 35 0
0 54 132 112 33 95 37 347
54 0 321 -1 8 333 -1 101
132 321 0 315 258 345 168 120
112 -1 315 0 89 428 332 -1
33 8 258 89 0 344 290 254
95 333 345 428 344 0 307 154
37 -1 168 332 290 307 0 120
347 101 120 -1 254 154 120 0
