4
12
1567
2413
1057
8
512
834
621
208
299
322
751
776
0 9 83 42
9 0 49 14
83 49 0 82
42 14 82 0
0 14 455 245 152 435 198 374
14 0 226 314 283 30 235 -1
455 226 0 50 108 168 82 439
245 314 50 0 313 242 31 126
152 283 108 313 0 265 157 -1
435 30 168 242 265 0 55 119
198 235 82 31 157 55 0 34
374 -1 439 126 -1 119 34 0
