4
2920
373
1611
545
8
675
410
374
918
736
345
56
730
0 23 36 36
23 0 43 44
36 43 0 63
36 44 63 0
0 171 123 15 206 415 363 448
171 0 240 41 -1 195 214 174
123 240 0 260 490 494 150 -1
15 41 260 0 104 98 56 172
206 -1 490 104 0 -1 -1 467
415 195 494 98 -1 0 -1 283
363 214 150 56 -1 -1 0 -1
448 174 -1 172 467 283 -1 0
