4
1777
2752
1811
1893
8
348
252
342
698
562
809
970
907
0 5 -1 28
5 0 62 51
-1 62 0 68
28 51 68 0
0 211 -1 72 45 99 335 103
211 0 167 260 387 441 356 -1
-1 167 0 57 477 27 265 465
72 260 57 0 437 215 497 -1
45 387 477 437 0 195 146 154
99 441 27 215 195 0 156 49
335 356 265 497 146 156 0 212
103 -1 465 -1 154 49 212 0
