4
955
2730
2794
2448
8
675
531
609
234
927
658
452
776
0 35 12 13
35 0 8 79
12 8 0 36
13 79 36 0
0 464 -1 433 256 298 223 113
464 0 234 363 126 183 93 100
-1 234 0 338 185 179 492 266
433 363 338 0 61 142 48 10
256 126 185 61 0 475 371 460
298 183 179 142 475 0 -1 221
223 93 492 48 371 -1 0 83
113 100 266 10 460 221 83 0
